9.999999999999998040e-04 9.172596552922446214e+47
1.141735102476187751e-03 8.874994502422034975e+47
1.303559044226311556e-03 8.585662917294255238e+47
1.488319118943491007e-03 8.304253843003440747e+47
1.699266181784216644e-03 8.030436543172354575e+47
1.940111848193723379e-03 7.763866950979461085e+47
2.215093799812727342e-03 7.504222068271350134e+47
2.529050346523555644e-03 7.251179756222528471e+47
2.887505556555510725e-03 7.004443458076007995e+47
3.296766452514468190e-03 6.763717965539569896e+47
3.764033983501665487e-03 6.528733879266060698e+47
4.297529725877133160e-03 6.299225640036633998e+47
4.906640541968792200e-03 6.074961465101442438e+47
5.602083741998558838e-03 5.855720465468236239e+47
6.396095655250910901e-03 5.641313760538464738e+47
7.302646928395403400e-03 5.431566950908470311e+47
8.337688339138950647e-03 5.226334129386456207e+47
9.519431450301327549e-03 5.025491769044885639e+47
1.086866904242483368e-02 4.828944315728096652e+47
1.240914096293269792e-02 4.636618493332444629e+47
1.416795182895542494e-02 4.448459472890376816e+47
1.617604793331012952e-02 4.264427799390496697e+47
1.846876174479756758e-02 4.084501876635546930e+47
2.108643358330476725e-02 3.908672951761947861e+47
2.407512140809179788e-02 3.736944493447035293e+47
2.748741120799437498e-02 3.569324191260356623e+47
3.138334225236457525e-02 3.405819286634379087e+47
3.583146348254877267e-02 3.246438490681399363e+47
4.091003963111961017e-02 3.091183181315209054e+47
4.670842829054128870e-02 2.940048302377003176e+47
5.332865216080283355e-02 2.793021111421381545e+47
6.088719413973124606e-02 2.650076414453634696e+47
6.951704684061361939e-02 2.511178173820305391e+47
7.937005259840994309e-02 2.376274275674648286e+47
9.061957513698605526e-02 2.245295837968028385e+47
1.034635499053754015e-01 2.118155594777255349e+47
1.181279667537639827e-01 1.994740656869929948e+47
1.348708462269125885e-01 1.874914933836505519e+47
1.539867794379342347e-01 1.758512352329284324e+47
1.758121114015480380e-01 1.645334383581833907e+47
2.007308590276014049e-01 1.535156599983120558e+47
2.291814679020120205e-01 1.427725799449492840e+47
2.616645267407468611e-01 1.322726808918218808e+47
2.987515752527299395e-01 1.219748322460879287e+47
3.410951603860981618e-01 1.118272243289762107e+47
3.894403178975540114e-01 1.017636395880602681e+47
4.446376812631230857e-01 9.169174818179007767e+46
5.076584485817264847e-01 8.147697863062913715e+46
5.796114708143601524e-01 7.090025579069537799e+46
6.617627620266074429e-01 5.955045348424237954e+46
7.555577749173747470e-01 4.645409266312785156e+46
8.626468335719695846e-01 2.376301433402679437e+46
9.849141709290517577e-01 1.058017553725431647e+46
1.124511081875930740e+00 7.027347730790699015e+45
1.283893775301226059e+00 5.198117262196172238e+45
1.465866591112085393e+00 4.047144795453436398e+45
1.673631342619777307e+00 3.247432254131360629e+45
1.910843652473351639e+00 2.658163058902754007e+45
2.181677273372637949e+00 2.206877519210000355e+45
2.490897525284079261e+00 1.851738572001798169e+45
2.843945141287901546e+00 1.566592651835982770e+45
3.247031997324998809e+00 1.334128155560136806e+45
3.707250410209323110e+00 1.142333839745986633e+45
4.232697927005231620e+00 9.825503381566131749e+44
4.832619801440067420e+00 8.483391777355196753e+44
5.517571664225630279e+00 7.348076572428461999e+44
6.299605249474361734e+00 6.382038148199851027e+44
7.192480445068150097e+00 5.556015890730836315e+44
8.211907398007863179e+00 4.846731591243785368e+44
9.375822934589473689e+00 4.235361678130159485e+44
1.070470615902210909e+01 3.706487291686541909e+44
1.222193878344859996e+01 3.247464828029888153e+44
1.395421652937837109e+01 2.847879011564329336e+44
1.593201883914474770e+01 2.499067496274721135e+44
1.819014516196350684e+01 2.193837249447834937e+44
2.076832725055111695e+01 1.926159785231421769e+44
2.371192824166701740e+01 1.690938908095212269e+44
2.707274082090773248e+01 1.483847927586989215e+44
3.090989851547034206e+01 1.301180486633629824e+44
3.529091614908913499e+01 1.139783979490862053e+44
4.029287776595880644e+01 9.969772150141540757e+43
4.600379292517754948e+01 8.704596796991061953e+43
5.252414522972097188e+01 7.582667860464362510e+43
5.996866033632959159e+01 6.587057374687560248e+43
6.846832455445905907e+01 5.703151648659474268e+43
7.817268955155813615e+01 4.918384727832316260e+43
8.925250371598754384e+01 4.221808374724442422e+43
1.019027164764295179e+02 3.603844984269970170e+43
1.163459084388180571e+02 3.056049480421426393e+43
1.328362076940792633e+02 2.570922295843231894e+43
1.516637612041479599e+02 2.141855553318777028e+43
1.731598399403418114e+02 1.762969462233262742e+43
1.977026675990466629e+02 1.428967094867103519e+43
2.257240754510130500e+02 1.135047415613198842e+43
2.577171004164054580e+02 8.768507502568207229e+42
2.942446600537910513e+02 6.504489133088137625e+42
3.359494570995859135e+02 4.523072203433737801e+42
3.835652878284158191e+02 2.792480283669025262e+42
4.379299532050844732e+02 1.284556473153141786e+42
4.999999999999998295e+02 9.095038445789947577e+37
