9.999999999999998040e-04 6.628611022090088456e-01
1.141735102476187751e-03 7.576995031235879141e-01
1.303559044226311556e-03 8.680148141633954317e-01
1.488319118943491007e-03 9.966207561723969821e-01
1.699266181784216644e-03 1.146732780706459121e+00
1.940111848193723379e-03 1.322227909233377074e+00
2.215093799812727342e-03 1.527554070693648569e+00
2.529050346523555644e-03 1.767939570148381989e+00
2.887505556555510725e-03 2.049336238361791462e+00
3.296766452514468190e-03 2.378666173936947459e+00
3.764033983501665487e-03 2.763724465830591726e+00
4.297529725877133160e-03 3.213409449591985378e+00
4.906640541968792200e-03 3.737607381021525566e+00
5.602083741998558838e-03 4.347406786631215603e+00
6.396095655250910901e-03 5.054964100787453951e+00
7.302646928395403400e-03 5.873664545784684776e+00
8.337688339138950647e-03 6.817969561509093168e+00
9.519431450301327549e-03 7.903512445509560003e+00
1.086866904242483368e-02 9.146952739558839696e+00
1.240914096293269792e-02 1.056599221195548566e+01
1.416795182895542494e-02 1.217923620047680622e+01
1.617604793331012952e-02 1.400614484154611361e+01
1.846876174479756758e-02 1.606689228786773427e+01
2.108643358330476725e-02 1.838227137975728454e+01
2.407512140809179788e-02 2.097354085164500859e+01
2.748741120799437498e-02 2.386228687154945760e+01
3.138334225236457525e-02 2.707024484494735717e+01
3.583146348254877267e-02 3.061910834652048052e+01
4.091003963111961017e-02 3.453030239081404318e+01
4.670842829054128870e-02 3.882471482486884184e+01
5.332865216080283355e-02 4.352237736539581903e+01
6.088719413973124606e-02 4.864207414715632183e+01
6.951704684061361939e-02 5.420086171662903496e+01
7.937005259840994309e-02 6.021346983259729768e+01
9.061957513698605526e-02 6.669155169718531795e+01
1.034635499053754015e-01 7.364273485603685288e+01
1.181279667537639827e-01 8.106941212960676069e+01
1.348708462269125885e-01 8.896719359479348554e+01
1.539867794379342347e-01 9.732290284005036085e+01
1.758121114015480380e-01 1.061119672630166662e+02
2.007308590276014049e-01 1.152949747082371772e+02
2.291814679020120205e-01 1.248130705913956433e+02
2.616645267407468611e-01 1.345816993684516376e+02
2.987515752527299395e-01 1.444819050160214147e+02
3.410951603860981618e-01 1.543478976838206620e+02
3.894403178975540114e-01 1.639486212543816919e+02
4.446376812631230857e-01 1.729590908568669079e+02
5.076584485817264847e-01 1.809128662718206328e+02
5.796114708143601524e-01 1.871159580623782688e+02
6.617627620266074429e-01 1.904697887846285482e+02
7.555577749173747470e-01 1.890282443041935210e+02
8.626468335719695846e-01 1.784190541841400943e+02
9.849141709290517577e-01 1.205038809344894020e+02
1.124511081875930740e+00 4.848238972007468561e+01
1.283893775301226059e+00 3.306146911415955714e+01
1.465866591112085393e+00 2.560952340538945649e+01
1.673631342619777307e+00 2.099472101585671524e+01
1.910843652473351639e+00 1.774577568182587939e+01
2.181677273372637949e+00 1.526778744448159486e+01
2.490897525284079261e+00 1.327119067891291060e+01
2.843945141287901546e+00 1.159779089556846010e+01
3.247031997324998809e+00 1.015433724723593301e+01
3.707250410209323110e+00 8.883037751589045072e+00
4.232697927005231620e+00 7.746951023806861514e+00
4.832619801440067420e+00 6.722097956816820208e+00
5.517571664225630279e+00 5.792879102464469021e+00
6.299605249474361734e+00 4.949235647168621632e+00
7.192480445068150097e+00 4.184776783175720993e+00
8.211907398007863179e+00 3.495476663396511086e+00
9.375822934589473689e+00 2.878717890940892143e+00
1.070470615902210909e+01 2.332566737446464256e+00
1.222193878344859996e+01 1.855211411137290378e+00
1.395421652937837109e+01 1.444532391109746738e+00
1.593201883914474770e+01 1.097786753994033360e+00
1.819014516196350684e+01 8.114032836144670080e-01
2.076832725055111695e+01 5.808859561961629003e-01
2.371192824166701740e+01 4.008284417008263767e-01
2.707274082090773248e+01 2.650376217992351791e-01
3.090989851547034206e+01 1.667604818205837558e-01
3.529091614908913499e+01 9.899826456394046625e-02
4.029287776595880644e+01 5.487964807175815113e-02
4.600379292517754948e+01 2.804858833533309392e-02
5.252414522972097188e+01 1.300954499937531650e-02
5.996866033632959159e+01 5.368606697320119775e-03
6.846832455445905907e+01 1.922205111679570070e-03
7.817268955155813615e+01 5.781591106145236901e-04
8.925250371598754384e+01 1.400446079170420668e-04
1.019027164764295179e+02 4.046981197168680855e-05
1.163459084388180571e+02 6.023199489750940807e-05
1.328362076940792633e+02 8.964442957807021613e-05
1.516637612041479599e+02 1.334195184478256769e-04
1.731598399403418114e+02 1.985708201461318801e-04
1.977026675990466629e+02 2.955367480877780281e-04
2.257240754510130500e+02 4.398529925294244959e-04
2.577171004164054580e+02 6.546416183060522684e-04
2.942446600537910513e+02 9.743156365810075369e-04
3.359494570995859135e+02 1.450092589809105900e-03
3.835652878284158191e+02 2.158200525651176975e-03
4.379299532050844732e+02 3.212091104840528004e-03
4.999999999999998295e+02 4.780616603122488269e-03
