9.999999999999998040e-04 3.824493282497991412e-20
1.141735102476187751e-03 5.692066472612704396e-20
1.303559044226311556e-03 8.471611357486723545e-20
1.488319118943491007e-03 1.260846115160633726e-19
1.699266181784216644e-03 1.876541379239196241e-19
1.940111848193723379e-03 2.792892412210281212e-19
2.215093799812727342e-03 4.156715174244762217e-19
2.529050346523555644e-03 6.186518665831017455e-19
2.887505556555510725e-03 9.207514010057074267e-19
3.296766452514468190e-03 1.370371913910797671e-18
3.764033983501665487e-03 2.039550719536623213e-18
4.297529725877133160e-03 3.035502329941318137e-18
4.906640541968792200e-03 4.517796153249168058e-18
5.602083741998558838e-03 6.723922390370094000e-18
6.396095655250910901e-03 1.000734224788001998e-17
7.302646928395403400e-03 1.489411879733077114e-17
8.337688339138950647e-03 2.216720176588303381e-17
9.519431450301327549e-03 3.299187020164161429e-17
1.086866904242483368e-02 4.910243119080521401e-17
1.240914096293269792e-02 7.308008712788266820e-17
1.416795182895542494e-02 1.087664908864837796e-16
1.617604793331012952e-02 1.618792478867469395e-16
1.846876174479756758e-02 2.409279795900378830e-16
2.108643358330476725e-02 3.585777183122810197e-16
2.407512140809179788e-02 5.336780737913004953e-16
2.748741120799437498e-02 7.942832805845284397e-16
3.138334225236457525e-02 1.182146992351109840e-15
3.583146348254877267e-02 1.759411970117703142e-15
4.091003963111961017e-02 8.715624928221682015e-15
4.670842829054128870e-02 5.236857117876413607e-14
5.332865216080283355e-02 2.983001680257849941e-13
6.088719413973124606e-02 1.611132088957473474e-12
6.951704684061361939e-02 8.255692715112184964e-12
7.937005259840994309e-02 4.017183522323140129e-11
9.061957513698605526e-02 1.858530699820360264e-10
1.034635499053754015e-01 8.187345856743593854e-10
1.181279667537639827e-01 3.440385844928269323e-09
1.348708462269125885e-01 1.381727233302527829e-08
1.539867794379342347e-01 5.315577673500694158e-08
1.758121114015480380e-01 1.963619172150822439e-07
2.007308590276014049e-01 6.983765506450037470e-07
2.291814679020120205e-01 2.398062877654087605e-06
2.616645267407468611e-01 7.974774637026294099e-06
2.987515752527299395e-01 2.577866715515146617e-05
3.410951603860981618e-01 8.135580938920665449e-05
3.894403178975540114e-01 2.519645923356617231e-04
4.446376812631230857e-01 7.707564538766925686e-04
5.076584485817264847e-01 2.349315445925923614e-03
5.796114708143601524e-01 7.228053861811663608e-03
6.617627620266074429e-01 2.293540281518839652e-02
7.555577749173747470e-01 7.830441368489331200e-02
8.626468335719695846e-01 1.340032339571171349e-01
9.849141709290517577e-01 1.237997409676137688e-02
1.124511081875930740e+00 2.778991352996943061e-03
1.283893775301226059e+00 7.989689271264670137e-04
1.465866591112085393e+00 2.547750276189094374e-04
1.673631342619777307e+00 8.494910869789473620e-05
1.910843652473351639e+00 2.870344208671997367e-05
2.181677273372637949e+00 9.636929969972784924e-06
2.490897525284079261e+00 3.169985095902306473e-06
2.843945141287901546e+00 1.010343719541546886e-06
3.247031997324998809e+00 3.091314221289528114e-07
3.707250410209323110e+00 9.004510458230148502e-08
4.232697927005231620e+00 2.476969453934051109e-08
4.832619801440067420e+00 6.381178583759897739e-09
5.517571664225630279e+00 6.424182209681066618e-09
6.299605249474361734e+00 9.561233206244964088e-09
7.192480445068150097e+00 1.423016618153179232e-08
8.211907398007863179e+00 2.117902839371683835e-08
9.375822934589473689e+00 3.152115287901579660e-08
1.070470615902210909e+01 4.691353448097985326e-08
1.222193878344859996e+01 6.982231030525714915e-08
1.395421652937837109e+01 1.039178793561189511e-07
1.593201883914474770e+01 1.546629666457752677e-07
1.819014516196350684e+01 2.301878502514273653e-07
2.076832725055111695e+01 3.425929784776990559e-07
2.371192824166701740e+01 5.098876798841568857e-07
2.707274082090773248e+01 7.588755824853303882e-07
3.090989851547034206e+01 1.129449038312291250e-06
3.529091614908913499e+01 1.680980597592525702e-06
4.029287776595880644e+01 2.501835561970001861e-06
4.600379292517754948e+01 3.723529699332695759e-06
5.252414522972097188e+01 5.541800441470769310e-06
5.996866033632959159e+01 8.247967550410392418e-06
6.846832455445905907e+01 1.227560779770133063e-05
7.817268955155813615e+01 1.827002178197062237e-05
8.925250371598754384e+01 2.719162272162095349e-05
1.019027164764295179e+02 4.046981197168680855e-05
1.163459084388180571e+02 6.023199489750940807e-05
1.328362076940792633e+02 8.964442957807021613e-05
1.516637612041479599e+02 1.334195184478256769e-04
1.731598399403418114e+02 1.985708201461318801e-04
1.977026675990466629e+02 2.955367480877780281e-04
2.257240754510130500e+02 4.398529925294244959e-04
2.577171004164054580e+02 6.546416183060522684e-04
2.942446600537910513e+02 9.743156365810075369e-04
3.359494570995859135e+02 1.450092589809105900e-03
3.835652878284158191e+02 2.158200525651176975e-03
4.379299532050844732e+02 3.212091104840528004e-03
4.999999999999998295e+02 4.780616603122488269e-03
