9.999999999999998040e-04 1.573788254311125435e-22
1.141735102476187751e-03 2.154281329137433654e-22
1.303559044226311556e-03 2.954485164015726906e-22
1.488319118943491007e-03 4.063597486952070782e-22
1.699266181784216644e-03 5.646103546301298715e-22
1.940111848193723379e-03 7.846891515324804415e-22
2.215093799812727342e-03 1.101066745552490214e-21
2.529050346523555644e-03 1.546806864418873445e-21
2.887505556555510725e-03 2.195796601833730859e-21
3.296766452514468190e-03 3.120257967365013249e-21
3.764033983501665487e-03 4.515415487779904689e-21
4.297529725877133160e-03 6.565860065768522439e-21
4.906640541968792200e-03 9.532014044842118207e-21
5.602083741998558838e-03 1.395638011006578275e-20
6.396095655250910901e-03 2.039221687385263150e-20
7.302646928395403400e-03 3.003016502621229160e-20
8.337688339138950647e-03 4.416343705163809558e-20
9.519431450301327549e-03 6.579519861328827358e-20
1.086866904242483368e-02 9.959715629759344869e-20
1.240914096293269792e-02 1.517596085170234249e-19
1.416795182895542494e-02 2.309229301953453596e-19
1.617604793331012952e-02 3.530120432441066635e-19
1.846876174479756758e-02 5.361134600533094577e-19
2.108643358330476725e-02 8.208201866369379850e-19
2.407512140809179788e-02 1.255562000179863706e-18
2.748741120799437498e-02 1.939940376293401114e-18
3.138334225236457525e-02 2.981557370618646308e-18
3.583146348254877267e-02 4.517328565982694026e-18
4.091003963111961017e-02 2.309938694830136957e-17
4.670842829054128870e-02 1.427020016996386524e-16
5.332865216080283355e-02 8.437088316082917196e-16
6.088719413973124606e-02 4.738802168868747443e-15
6.951704684061361939e-02 2.484473155394686658e-14
7.937005259840994309e-02 1.240523059084436804e-13
9.061957513698605526e-02 5.996828261058454021e-13
1.034635499053754015e-01 2.720179777859347796e-12
1.181279667537639827e-01 1.185594338099126917e-11
1.348708462269125885e-01 4.913364110592302120e-11
1.539867794379342347e-01 1.959945757198143763e-10
1.758121114015480380e-01 7.445900260882521707e-10
2.007308590276014049e-01 2.765044960782631939e-09
2.291814679020120205e-01 9.908907332669450138e-09
2.616645267407468611e-01 3.386343658446223980e-08
2.987515752527299395e-01 1.135367776972799354e-07
3.410951603860981618e-01 3.726771065249696959e-07
3.894403178975540114e-01 1.198129616727174482e-06
4.446376812631230857e-01 3.768337572144339404e-06
5.076584485817264847e-01 1.156910267890717788e-05
5.796114708143601524e-01 3.896732396349945405e-05
6.617627620266074429e-01 1.237480932216998585e-04
7.555577749173747470e-01 4.314519192697614000e-04
8.626468335719695846e-01 7.754934666497409132e-04
9.849141709290517577e-01 7.854763914104278990e-05
1.124511081875930740e+00 1.765143785215286804e-05
1.283893775301226059e+00 5.185791430749946887e-06
1.465866591112085393e+00 1.738044536542267853e-06
1.673631342619777307e+00 6.344661958995569352e-07
1.910843652473351639e+00 1.877667442235735929e-07
2.181677273372637949e+00 7.362018104637807300e-08
2.490897525284079261e+00 2.121046014707151224e-08
2.843945141287901546e+00 5.000000000000000000e-01
3.247031997324998809e+00 5.000000000000000000e-01
3.707250410209323110e+00 5.000000000000000000e-01
4.232697927005231620e+00 5.000000000000000000e-01
4.832619801440067420e+00 5.000000000000000000e-01
5.517571664225630279e+00 5.000000000000000000e-01
6.299605249474361734e+00 5.000000000000000000e-01
7.192480445068150097e+00 5.000000000000000000e-01
8.211907398007863179e+00 5.000000000000000000e-01
9.375822934589473689e+00 5.000000000000000000e-01
1.070470615902210909e+01 5.000000000000000000e-01
1.222193878344859996e+01 5.000000000000000000e-01
1.395421652937837109e+01 5.000000000000000000e-01
1.593201883914474770e+01 5.000000000000000000e-01
1.819014516196350684e+01 5.000000000000000000e-01
2.076832725055111695e+01 5.000000000000000000e-01
2.371192824166701740e+01 5.000000000000000000e-01
2.707274082090773248e+01 5.000000000000000000e-01
3.090989851547034206e+01 5.000000000000000000e-01
3.529091614908913499e+01 5.000000000000000000e-01
4.029287776595880644e+01 5.000000000000000000e-01
4.600379292517754948e+01 5.000000000000000000e-01
5.252414522972097188e+01 5.000000000000000000e-01
5.996866033632959159e+01 5.000000000000000000e-01
6.846832455445905907e+01 5.000000000000000000e-01
7.817268955155813615e+01 5.000000000000000000e-01
8.925250371598754384e+01 5.000000000000000000e-01
1.019027164764295179e+02 5.000000000000000000e-01
1.163459084388180571e+02 5.000000000000000000e-01
1.328362076940792633e+02 5.000000000000000000e-01
1.516637612041479599e+02 5.000000000000000000e-01
1.731598399403418114e+02 5.000000000000000000e-01
1.977026675990466629e+02 5.000000000000000000e-01
2.257240754510130500e+02 5.000000000000000000e-01
2.577171004164054580e+02 5.000000000000000000e-01
2.942446600537910513e+02 5.000000000000000000e-01
3.359494570995859135e+02 5.000000000000000000e-01
3.835652878284158191e+02 5.000000000000000000e-01
4.379299532050844732e+02 5.000000000000000000e-01
4.999999999999998295e+02 5.000000000000000000e-01
