9.999999999999998040e-04 1.483054734203281544e-01
1.141735102476187751e-03 1.368084088881624250e-01
1.303559044226311556e-03 1.262789200901880959e-01
1.488319118943491007e-03 1.159847673461392725e-01
1.699266181784216644e-03 1.076739076052455890e-01
1.940111848193723379e-03 9.887978033360911301e-02
2.215093799812727342e-03 9.315432246236086955e-02
2.529050346523555644e-03 8.574462941723047515e-02
2.887505556555510725e-03 8.105852745954128524e-02
3.296766452514468190e-03 7.491534350789549879e-02
3.764033983501665487e-03 6.979363138269564781e-02
4.297529725877133160e-03 6.468893734034940335e-02
4.906640541968792200e-03 6.009818009408327694e-02
5.602083741998558838e-03 5.630498313080610495e-02
6.396095655250910901e-03 5.241007324801843364e-02
7.302646928395403400e-03 4.884660047184268689e-02
8.337688339138950647e-03 4.605669831630676558e-02
9.519431450301327549e-03 4.328457175712170646e-02
1.086866904242483368e-02 4.104080377269010704e-02
1.240914096293269792e-02 3.916899666981987077e-02
1.416795182895542494e-02 3.803057842488704460e-02
1.617604793331012952e-02 3.598081040800488184e-02
1.846876174479756758e-02 3.444680869919281019e-02
2.108643358330476725e-02 3.282288674532714973e-02
2.407512140809179788e-02 3.171869537376024312e-02
2.748741120799437498e-02 2.953925087443287634e-02
3.138334225236457525e-02 2.849530977496382567e-02
3.583146348254877267e-02 2.759941894788657535e-02
4.091003963111961017e-02 2.602214326455348087e-02
4.670842829054128870e-02 2.545567336772075126e-02
5.332865216080283355e-02 2.413346534994734865e-02
6.088719413973124606e-02 2.149040687277678843e-02
6.951704684061361939e-02 2.092050209204916744e-02
7.937005259840994309e-02 1.960784313725004099e-02
9.061957513698605526e-02 1.754385964910176385e-02
1.034635499053754015e-01 2.062495913493135602e-02
1.181279667537639827e-01 1.628327226853178850e-02
1.348708462269125885e-01 1.918380298064038120e-02
1.539867794379342347e-01 1.135551970310028601e-02
1.758121114015480380e-01 1.333333331347760081e-02
2.007308590276014049e-01 1.451871843496847954e-02
2.291814679020120205e-01 0.000000000000000000e+00
2.616645267407468611e-01 0.000000000000000000e+00
2.987515752527299395e-01 0.000000000000000000e+00
3.410951603860981618e-01 0.000000000000000000e+00
3.894403178975540114e-01 0.000000000000000000e+00
4.446376812631230857e-01 0.000000000000000000e+00
5.076584485817264847e-01 0.000000000000000000e+00
5.796114708143601524e-01 0.000000000000000000e+00
6.617627620266074429e-01 0.000000000000000000e+00
7.555577749173747470e-01 0.000000000000000000e+00
8.626468335719695846e-01 0.000000000000000000e+00
9.849141709290517577e-01 0.000000000000000000e+00
1.124511081875930740e+00 0.000000000000000000e+00
1.283893775301226059e+00 0.000000000000000000e+00
1.465866591112085393e+00 0.000000000000000000e+00
1.673631342619777307e+00 0.000000000000000000e+00
1.910843652473351639e+00 0.000000000000000000e+00
2.181677273372637949e+00 0.000000000000000000e+00
2.490897525284079261e+00 0.000000000000000000e+00
2.843945141287901546e+00 0.000000000000000000e+00
3.247031997324998809e+00 0.000000000000000000e+00
3.707250410209323110e+00 0.000000000000000000e+00
4.232697927005231620e+00 0.000000000000000000e+00
4.832619801440067420e+00 0.000000000000000000e+00
5.517571664225630279e+00 0.000000000000000000e+00
6.299605249474361734e+00 0.000000000000000000e+00
7.192480445068150097e+00 0.000000000000000000e+00
8.211907398007863179e+00 0.000000000000000000e+00
9.375822934589473689e+00 0.000000000000000000e+00
1.070470615902210909e+01 0.000000000000000000e+00
1.222193878344859996e+01 0.000000000000000000e+00
1.395421652937837109e+01 0.000000000000000000e+00
1.593201883914474770e+01 0.000000000000000000e+00
1.819014516196350684e+01 0.000000000000000000e+00
2.076832725055111695e+01 0.000000000000000000e+00
2.371192824166701740e+01 0.000000000000000000e+00
2.707274082090773248e+01 0.000000000000000000e+00
3.090989851547034206e+01 0.000000000000000000e+00
3.529091614908913499e+01 0.000000000000000000e+00
4.029287776595880644e+01 0.000000000000000000e+00
4.600379292517754948e+01 0.000000000000000000e+00
5.252414522972097188e+01 0.000000000000000000e+00
5.996866033632959159e+01 0.000000000000000000e+00
6.846832455445905907e+01 0.000000000000000000e+00
7.817268955155813615e+01 0.000000000000000000e+00
8.925250371598754384e+01 0.000000000000000000e+00
1.019027164764295179e+02 0.000000000000000000e+00
1.163459084388180571e+02 0.000000000000000000e+00
1.328362076940792633e+02 0.000000000000000000e+00
1.516637612041479599e+02 0.000000000000000000e+00
1.731598399403418114e+02 0.000000000000000000e+00
1.977026675990466629e+02 0.000000000000000000e+00
2.257240754510130500e+02 0.000000000000000000e+00
2.577171004164054580e+02 0.000000000000000000e+00
2.942446600537910513e+02 0.000000000000000000e+00
3.359494570995859135e+02 0.000000000000000000e+00
3.835652878284158191e+02 0.000000000000000000e+00
4.379299532050844732e+02 0.000000000000000000e+00
4.999999999999998295e+02 0.000000000000000000e+00
