9.999999999999998040e-04 1.475008006500195534e-01
1.141735102476187751e-03 1.360282401714246192e-01
1.303559044226311556e-03 1.255189748380796388e-01
1.488319118943491007e-03 1.152444320185562754e-01
1.699266181784216644e-03 1.069359917905269991e-01
1.940111848193723379e-03 9.815053704962869996e-02
2.215093799812727342e-03 9.240651027900979864e-02
2.529050346523555644e-03 8.499322887621621470e-02
2.887505556555510725e-03 8.027389320862581001e-02
3.296766452514468190e-03 7.411254369339453918e-02
3.764033983501665487e-03 6.894986663299820795e-02
4.297529725877133160e-03 6.380200308633807160e-02
4.906640541968792200e-03 5.916503993851474769e-02
5.602083741998558838e-03 5.530684813862512400e-02
6.396095655250910901e-03 5.135215422420336823e-02
7.302646928395403400e-03 4.771641467610641257e-02
8.337688339138950647e-03 4.483858157936390643e-02
9.519431450301327549e-03 4.196178051097910339e-02
1.086866904242483368e-02 3.957240889240508375e-02
1.240914096293269792e-02 3.752239709753154434e-02
1.416795182895542494e-02 3.616051392702596817e-02
1.617604793331012952e-02 3.390939593606535907e-02
1.846876174479756758e-02 3.214808655653885600e-02
2.108643358330476725e-02 3.027501119854814071e-02
2.407512140809179788e-02 2.886963383103778244e-02
2.748741120799437498e-02 2.645555273278133238e-02
3.138334225236457525e-02 2.507174582491300888e-02
3.583146348254877267e-02 2.384954424163248515e-02
4.091003963111961017e-02 2.199610355190246072e-02
4.670842829054128870e-02 2.101011733818445096e-02
5.332865216080283355e-02 1.936569973756942578e-02
6.088719413973124606e-02 1.670922025035526809e-02
6.951704684061361939e-02 1.577447659372212263e-02
7.937005259840994309e-02 1.429264529326850636e-02
9.061957513698605526e-02 1.226516887022874834e-02
1.034635499053754015e-01 1.384835031883560261e-02
1.181279667537639827e-01 1.044637891296164994e-02
1.348708462269125885e-01 1.174954563069745966e-02
1.539867794379342347e-01 6.610913910670737983e-03
1.758121114015480380e-01 7.387962140774547055e-03
2.007308590276014049e-01 7.589651515653095086e-03
2.291814679020120205e-01 0.000000000000000000e+00
2.616645267407468611e-01 0.000000000000000000e+00
2.987515752527299395e-01 0.000000000000000000e+00
3.410951603860981618e-01 0.000000000000000000e+00
3.894403178975540114e-01 0.000000000000000000e+00
4.446376812631230857e-01 0.000000000000000000e+00
5.076584485817264847e-01 0.000000000000000000e+00
5.796114708143601524e-01 0.000000000000000000e+00
6.617627620266074429e-01 0.000000000000000000e+00
7.555577749173747470e-01 0.000000000000000000e+00
8.626468335719695846e-01 0.000000000000000000e+00
9.849141709290517577e-01 0.000000000000000000e+00
1.124511081875930740e+00 0.000000000000000000e+00
1.283893775301226059e+00 0.000000000000000000e+00
1.465866591112085393e+00 0.000000000000000000e+00
1.673631342619777307e+00 0.000000000000000000e+00
1.910843652473351639e+00 0.000000000000000000e+00
2.181677273372637949e+00 0.000000000000000000e+00
2.490897525284079261e+00 0.000000000000000000e+00
2.843945141287901546e+00 0.000000000000000000e+00
3.247031997324998809e+00 0.000000000000000000e+00
3.707250410209323110e+00 0.000000000000000000e+00
4.232697927005231620e+00 0.000000000000000000e+00
4.832619801440067420e+00 0.000000000000000000e+00
5.517571664225630279e+00 0.000000000000000000e+00
6.299605249474361734e+00 0.000000000000000000e+00
7.192480445068150097e+00 0.000000000000000000e+00
8.211907398007863179e+00 0.000000000000000000e+00
9.375822934589473689e+00 0.000000000000000000e+00
1.070470615902210909e+01 0.000000000000000000e+00
1.222193878344859996e+01 0.000000000000000000e+00
1.395421652937837109e+01 0.000000000000000000e+00
1.593201883914474770e+01 0.000000000000000000e+00
1.819014516196350684e+01 0.000000000000000000e+00
2.076832725055111695e+01 0.000000000000000000e+00
2.371192824166701740e+01 0.000000000000000000e+00
2.707274082090773248e+01 0.000000000000000000e+00
3.090989851547034206e+01 0.000000000000000000e+00
3.529091614908913499e+01 0.000000000000000000e+00
4.029287776595880644e+01 0.000000000000000000e+00
4.600379292517754948e+01 0.000000000000000000e+00
5.252414522972097188e+01 0.000000000000000000e+00
5.996866033632959159e+01 0.000000000000000000e+00
6.846832455445905907e+01 0.000000000000000000e+00
7.817268955155813615e+01 0.000000000000000000e+00
8.925250371598754384e+01 0.000000000000000000e+00
1.019027164764295179e+02 0.000000000000000000e+00
1.163459084388180571e+02 0.000000000000000000e+00
1.328362076940792633e+02 0.000000000000000000e+00
1.516637612041479599e+02 0.000000000000000000e+00
1.731598399403418114e+02 0.000000000000000000e+00
1.977026675990466629e+02 0.000000000000000000e+00
2.257240754510130500e+02 0.000000000000000000e+00
2.577171004164054580e+02 0.000000000000000000e+00
2.942446600537910513e+02 0.000000000000000000e+00
3.359494570995859135e+02 0.000000000000000000e+00
3.835652878284158191e+02 0.000000000000000000e+00
4.379299532050844732e+02 0.000000000000000000e+00
4.999999999999998295e+02 0.000000000000000000e+00
