9.999999999999998040e-04 2.712889658589991149e-03
1.141735102476187751e-03 2.851318581504575650e-03
1.303559044226311556e-03 3.008994896241130867e-03
1.488319118943491007e-03 3.191519647461778936e-03
1.699266181784216644e-03 3.426623177009347886e-03
1.940111848193723379e-03 3.687524797891036411e-03
2.215093799812727342e-03 4.013835126401292530e-03
2.529050346523555644e-03 4.381618686331800738e-03
2.887505556555510725e-03 4.839924160398180637e-03
3.296766452514468190e-03 5.358046675821161176e-03
3.764033983501665487e-03 6.044711623263099472e-03
4.297529725877133160e-03 6.855378140970880448e-03
4.906640541968792200e-03 7.763464335423373407e-03
5.602083741998558838e-03 8.863647022699084471e-03
6.396095655250910901e-03 1.009270697646911380e-02
7.302646928395403400e-03 1.156872520113003122e-02
8.337688339138950647e-03 1.322409965839404893e-02
9.519431450301327549e-03 1.528017019049014366e-02
1.086866904242483368e-02 1.788945080629904261e-02
1.240914096293269792e-02 2.101916965308751536e-02
1.416795182895542494e-02 2.458632730967507535e-02
1.617604793331012952e-02 2.878498911573548757e-02
1.846876174479756758e-02 3.336625698373932997e-02
2.108643358330476725e-02 3.881248420573089192e-02
2.407512140809179788e-02 4.491139230586689568e-02
2.748741120799437498e-02 5.219662060422421146e-02
3.138334225236457525e-02 6.007241151417103825e-02
3.583146348254877267e-02 6.793394298145613575e-02
4.091003963111961017e-02 7.735795763862315932e-02
4.670842829054128870e-02 8.731955280298199507e-02
5.332865216080283355e-02 9.877913393793558150e-02
6.088719413973124606e-02 1.112400209713641508e-01
6.951704684061361939e-02 1.229900094100411650e-01
7.937005259840994309e-02 1.355375450216531052e-01
9.061957513698605526e-02 1.504426871984806402e-01
1.034635499053754015e-01 1.642817513440287813e-01
1.181279667537639827e-01 1.792297414045554149e-01
1.348708462269125885e-01 1.937639100703835715e-01
1.539867794379342347e-01 2.089118736558390754e-01
1.758121114015480380e-01 2.229514197209545856e-01
2.007308590276014049e-01 2.386252957629549087e-01
2.291814679020120205e-01 2.538724290264090522e-01
2.616645267407468611e-01 2.666771818756087375e-01
2.987515752527299395e-01 2.799955485660312604e-01
3.410951603860981618e-01 2.928820963494961904e-01
3.894403178975540114e-01 3.046267931451822619e-01
4.446376812631230857e-01 3.142131252506204508e-01
5.076584485817264847e-01 3.202626186914373507e-01
5.796114708143601524e-01 3.343102049716137336e-01
6.617627620266074429e-01 3.363804970965379448e-01
7.555577749173747470e-01 3.379183118794167329e-01
8.626468335719695846e-01 3.370419653309366104e-01
9.849141709290517577e-01 3.023223432900342678e-01
1.124511081875930740e+00 1.905781799133052790e-01
1.283893775301226059e+00 1.501495998722761349e-01
1.465866591112085393e+00 1.294680721469662343e-01
1.673631342619777307e+00 1.193696102514757301e-01
1.910843652473351639e+00 9.421249623212243907e-02
2.181677273372637949e+00 9.457473835860742695e-02
2.490897525284079261e+00 7.540610649517953679e-02
2.843945141287901546e+00 5.000000000000000000e-01
3.247031997324998809e+00 5.000000000000000000e-01
3.707250410209323110e+00 5.000000000000000000e-01
4.232697927005231620e+00 5.000000000000000000e-01
4.832619801440067420e+00 5.000000000000000000e-01
5.517571664225630279e+00 5.000000000000000000e-01
6.299605249474361734e+00 5.000000000000000000e-01
7.192480445068150097e+00 5.000000000000000000e-01
8.211907398007863179e+00 5.000000000000000000e-01
9.375822934589473689e+00 5.000000000000000000e-01
1.070470615902210909e+01 5.000000000000000000e-01
1.222193878344859996e+01 5.000000000000000000e-01
1.395421652937837109e+01 5.000000000000000000e-01
1.593201883914474770e+01 5.000000000000000000e-01
1.819014516196350684e+01 5.000000000000000000e-01
2.076832725055111695e+01 5.000000000000000000e-01
2.371192824166701740e+01 5.000000000000000000e-01
2.707274082090773248e+01 5.000000000000000000e-01
3.090989851547034206e+01 5.000000000000000000e-01
3.529091614908913499e+01 5.000000000000000000e-01
4.029287776595880644e+01 5.000000000000000000e-01
4.600379292517754948e+01 5.000000000000000000e-01
5.252414522972097188e+01 5.000000000000000000e-01
5.996866033632959159e+01 5.000000000000000000e-01
6.846832455445905907e+01 5.000000000000000000e-01
7.817268955155813615e+01 5.000000000000000000e-01
8.925250371598754384e+01 5.000000000000000000e-01
1.019027164764295179e+02 5.000000000000000000e-01
1.163459084388180571e+02 5.000000000000000000e-01
1.328362076940792633e+02 5.000000000000000000e-01
1.516637612041479599e+02 5.000000000000000000e-01
1.731598399403418114e+02 5.000000000000000000e-01
1.977026675990466629e+02 5.000000000000000000e-01
2.257240754510130500e+02 5.000000000000000000e-01
2.577171004164054580e+02 5.000000000000000000e-01
2.942446600537910513e+02 5.000000000000000000e-01
3.359494570995859135e+02 5.000000000000000000e-01
3.835652878284158191e+02 5.000000000000000000e-01
4.379299532050844732e+02 5.000000000000000000e-01
4.999999999999998295e+02 5.000000000000000000e-01
