2.999999999999999889e-02 8.310966004816133446e-16
4.000000000000000083e-02 8.274097947444143976e-16
5.000000000000000278e-02 8.226362863434822559e-16
6.000000000000000472e-02 8.168228018704167345e-16
6.999999999999999278e-02 8.100348050581622146e-16
8.000000000000000167e-02 8.024501570679880410e-16
8.999999999999999667e-02 7.941158502924141043e-16
1.000000000000000056e-01 7.850629344146704789e-16
2.000000000000000111e-01 7.076955291133698023e-16
3.000000000000000444e-01 6.113050165829781660e-16
4.000000000000000222e-01 5.281484718706684558e-16
5.000000000000000000e-01 4.654246353541837862e-16
5.999999999999999778e-01 4.177058866622827086e-16
7.000000000000000666e-01 3.790615492652930228e-16
8.000000000000000444e-01 3.462282433211928904e-16
9.000000000000000222e-01 3.179761101904362509e-16
1.000000000000000000e+00 2.938329494338873774e-16
1.100000000000000089e+00 2.722318491169684300e-16
1.200000000000000178e+00 2.527642303819688335e-16
1.300000000000000266e+00 2.353832473162591075e-16
1.400000000000000133e+00 2.194830037038901387e-16
1.500000000000000222e+00 2.048480215431751037e-16
1.600000000000000089e+00 1.915030882288850599e-16
1.700000000000000178e+00 1.794404865053303865e-16
1.800000000000000266e+00 1.680705559317230839e-16
1.900000000000000133e+00 1.576397109930825344e-16
2.000000000000000000e+00 1.482635987097070164e-16
2.100000000000000089e+00 1.392179636955497822e-16
2.200000000000000178e+00 1.307080409297408289e-16
2.300000000000000266e+00 1.230331334380904153e-16
2.400000000000000355e+00 1.159308569280235924e-16
2.500000000000000444e+00 1.092336854582705909e-16
2.600000000000000089e+00 1.029299621216999878e-16
2.700000000000000178e+00 9.699613697464906119e-17
2.800000000000000266e+00 9.140025626039001981e-17
2.900000000000000355e+00 8.611619830632949182e-17
3.000000000000000444e+00 8.111336916312361914e-17
3.100000000000000089e+00 7.635793193815995109e-17
3.200000000000000178e+00 7.215198238500943398e-17
3.300000000000000266e+00 6.831619475872060695e-17
3.400000000000000355e+00 6.446042126572522903e-17
3.500000000000000444e+00 6.068488000676833134e-17
3.600000000000000089e+00 5.726801846411552949e-17
3.700000000000000178e+00 5.420150579205036069e-17
3.800000000000000266e+00 5.113334643979464581e-17
3.900000000000000355e+00 4.814829102516322492e-17
4.000000000000000000e+00 4.553495320201523211e-17
4.099999999999999645e+00 4.301278280287800436e-17
4.200000000000000178e+00 4.057316455395034400e-17
4.299999999999999822e+00 3.837698758482789020e-17
4.399999999999999467e+00 3.610550177500764539e-17
4.500000000000000000e+00 3.410252332120061313e-17
4.599999999999999645e+00 3.225015540819029147e-17
4.700000000000000178e+00 3.043710621591135895e-17
4.799999999999999822e+00 2.876224087027406377e-17
4.900000000000000355e+00 2.713231663871443913e-17
5.000000000000000000e+00 2.562281804356295396e-17
5.099999999999999645e+00 2.416824875036441779e-17
5.200000000000000178e+00 2.281128556641582804e-17
5.299999999999999822e+00 2.152784089109300382e-17
5.400000000000000355e+00 2.030541262843603468e-17
5.500000000000000000e+00 1.917046845539576655e-17
5.599999999999999645e+00 1.807206785603804142e-17
5.700000000000000178e+00 1.705736563044108477e-17
5.799999999999999822e+00 1.606470596707348573e-17
5.900000000000000355e+00 1.515115585739719800e-17
6.000000000000000000e+00 1.425361844856966825e-17
6.099999999999999645e+00 1.342453010465548817e-17
6.200000000000000178e+00 1.271334056293764593e-17
6.299999999999999822e+00 1.195733765995629163e-17
6.400000000000000355e+00 1.130517175933864947e-17
6.500000000000000000e+00 1.061693785680983657e-17
6.599999999999999645e+00 9.995269568556984397e-18
6.700000000000000178e+00 9.453449486423111217e-18
6.799999999999999822e+00 8.864504519785213342e-18
6.900000000000000355e+00 8.378808709012955593e-18
7.000000000000000000e+00 7.846653059974522965e-18
7.099999999999999645e+00 7.368493306321509670e-18
7.200000000000000178e+00 7.008534816439200200e-18
7.299999999999999822e+00 6.558320943187573187e-18
7.400000000000000355e+00 6.163405068166286398e-18
7.500000000000000000e+00 5.847514344885864723e-18
7.599999999999999645e+00 5.467193055835322215e-18
7.700000000000000178e+00 5.140341842495396700e-18
7.799999999999999822e+00 4.871542112205102408e-18
7.900000000000000355e+00 4.548510447532261443e-18
8.000000000000000000e+00 4.274085319316976750e-18
8.099999999999999645e+00 4.054268897097616790e-18
8.199999999999999289e+00 3.778218110865916243e-18
8.300000000000000711e+00 3.542377758190249935e-18
8.400000000000000355e+00 3.367013083903684302e-18
8.500000000000000000e+00 3.129545001538134488e-18
8.599999999999999645e+00 2.924232903857775046e-18
8.699999999999999289e+00 2.787793925424011415e-18
8.800000000000000711e+00 2.617154508370386680e-18
8.900000000000000355e+00 2.436176671099790460e-18
9.000000000000000000e+00 2.297502959040301840e-18
9.099999999999999645e+00 2.176212329655616451e-18
9.199999999999999289e+00 2.016593340473136362e-18
9.300000000000000711e+00 1.881915376599449750e-18
9.400000000000000355e+00 1.793515630915254247e-18
9.500000000000000000e+00 1.693031205639899708e-18
9.599999999999999645e+00 1.569161462289636695e-18
9.700000000000001066e+00 1.472026321425778089e-18
9.800000000000000711e+00 1.399118452751400023e-18
9.900000000000000355e+00 1.299676929914468475e-18
1.000000000000000000e+01 1.204031062138533629e-18
1.009999999999999964e+01 1.136025705943730166e-18
1.020000000000000107e+01 1.077974606581260766e-18
1.030000000000000071e+01 1.001117479104254773e-18
1.040000000000000036e+01 9.258907219790479208e-19
1.050000000000000000e+01 8.755813973631768952e-19
1.059999999999999964e+01 8.310086599167985416e-19
1.070000000000000107e+01 7.743568775218082008e-19
1.080000000000000071e+01 7.140995549152541980e-19
1.090000000000000036e+01 6.712468354603760691e-19
1.100000000000000000e+01 6.382863771423997635e-19
