2.999999999999999889e-02 5.772900537908779332e-16
4.000000000000000083e-02 5.739239654714131614e-16
5.000000000000000278e-02 5.695977310361903357e-16
6.000000000000000472e-02 5.643889146555012720e-16
6.999999999999999278e-02 5.583923853424103535e-16
8.000000000000000167e-02 5.517483496033362264e-16
8.999999999999999667e-02 5.445356559407176774e-16
1.000000000000000056e-01 5.368260096199273255e-16
2.000000000000000111e-01 4.758516265840105452e-16
3.000000000000000444e-01 4.055867768425863346e-16
4.000000000000000222e-01 3.498289207344263512e-16
5.000000000000000000e-01 3.090832406137710024e-16
5.999999999999999778e-01 2.777100978907550141e-16
7.000000000000000666e-01 2.519901155388689689e-16
8.000000000000000444e-01 2.303911503726915391e-16
9.000000000000000222e-01 2.117202589556564764e-16
1.000000000000000000e+00 1.951900934102008081e-16
1.100000000000000089e+00 1.805188242330217633e-16
1.200000000000000178e+00 1.672702792732991187e-16
1.300000000000000266e+00 1.553352171056671187e-16
1.400000000000000133e+00 1.445682167931809748e-16
1.500000000000000222e+00 1.349200457698311131e-16
1.600000000000000089e+00 1.261145448786314692e-16
1.700000000000000178e+00 1.176558547373414200e-16
1.800000000000000266e+00 1.100631942294965160e-16
1.900000000000000133e+00 1.031859133681771002e-16
2.000000000000000000e+00 9.655257789745016573e-17
2.100000000000000089e+00 9.050633852457337862e-17
2.200000000000000178e+00 8.499054594167771057e-17
2.300000000000000266e+00 7.976254950346449255e-17
2.400000000000000355e+00 7.482474670912800151e-17
2.500000000000000444e+00 7.018920775100832428e-17
2.600000000000000089e+00 6.587643401122297985e-17
2.700000000000000178e+00 6.188827637914776712e-17
2.800000000000000266e+00 5.818389470312761027e-17
2.900000000000000355e+00 5.470118727182869053e-17
3.000000000000000444e+00 5.140148210827842063e-17
3.100000000000000089e+00 4.826877577981553479e-17
3.200000000000000178e+00 4.527694070468186801e-17
3.300000000000000266e+00 4.240831494441784967e-17
3.400000000000000355e+00 3.992481863195614690e-17
3.500000000000000444e+00 3.766235069119121122e-17
3.600000000000000089e+00 3.531968002669724307e-17
3.700000000000000178e+00 3.311877739801481798e-17
3.800000000000000266e+00 3.118590403059450129e-17
3.900000000000000355e+00 2.931511949593985717e-17
4.000000000000000000e+00 2.747098086078411360e-17
4.099999999999999645e+00 2.585189578274741315e-17
4.200000000000000178e+00 2.426381059802161021e-17
4.299999999999999822e+00 2.278089646379865964e-17
4.399999999999999467e+00 2.143435749293677873e-17
4.500000000000000000e+00 2.005911528003926291e-17
4.599999999999999645e+00 1.884803620930616627e-17
4.700000000000000178e+00 1.765478535260541011e-17
4.799999999999999822e+00 1.657283443766481625e-17
4.900000000000000355e+00 1.556537109706917021e-17
5.000000000000000000e+00 1.460134056823862124e-17
5.099999999999999645e+00 1.369995359317607304e-17
5.200000000000000178e+00 1.284565486906900362e-17
5.299999999999999822e+00 1.204030920122048499e-17
5.400000000000000355e+00 1.128390451428197908e-17
5.500000000000000000e+00 1.056535890469022527e-17
5.599999999999999645e+00 9.893479394436312077e-18
5.700000000000000178e+00 9.250598270924964218e-18
5.799999999999999822e+00 8.652788151583066870e-18
5.900000000000000355e+00 8.167764155576937944e-18
6.000000000000000000e+00 7.631450808663405828e-18
6.099999999999999645e+00 7.157652680322333294e-18
6.200000000000000178e+00 6.668523818657390259e-18
6.299999999999999822e+00 6.235051335029664107e-18
6.400000000000000355e+00 5.840354101248862236e-18
6.500000000000000000e+00 5.445771826166777841e-18
6.599999999999999645e+00 5.125904486762718269e-18
6.700000000000000178e+00 4.767226026645196835e-18
6.799999999999999822e+00 4.449149413875519975e-18
6.900000000000000355e+00 4.186682346885759398e-18
7.000000000000000000e+00 3.891194820168089377e-18
7.099999999999999645e+00 3.642526673058692843e-18
7.200000000000000178e+00 3.396151177541991864e-18
7.299999999999999822e+00 3.153930894740791536e-18
7.400000000000000355e+00 2.970370494124357285e-18
7.500000000000000000e+00 2.745954650159349881e-18
7.599999999999999645e+00 2.547487879674151539e-18
7.700000000000000178e+00 2.414278953900467243e-18
7.799999999999999822e+00 2.227404077412259305e-18
7.900000000000000355e+00 2.063282517942337476e-18
8.000000000000000000e+00 1.956021715002034182e-18
8.099999999999999645e+00 1.814563654301257446e-18
8.199999999999999289e+00 1.677159440046323868e-18
8.300000000000000711e+00 1.578869581137809037e-18
8.400000000000000355e+00 1.482459952094299624e-18
8.500000000000000000e+00 1.365975057033107100e-18
8.599999999999999645e+00 1.273651136825931300e-18
8.699999999999999289e+00 1.193776087264033232e-18
8.800000000000000711e+00 1.095052789959467782e-18
8.900000000000000355e+00 1.012315803518270361e-18
9.000000000000000000e+00 9.584212410332897111e-19
9.099999999999999645e+00 8.903210299877747697e-19
9.199999999999999289e+00 8.172989105810245955e-19
9.300000000000000711e+00 7.630576746223412239e-19
9.400000000000000355e+00 7.183862636876761136e-19
9.500000000000000000e+00 6.549399784888185229e-19
9.599999999999999645e+00 6.015858279247658298e-19
