9.999999999999998040e-04 2.302665042680417591e-11
1.141735102476187751e-03 2.319385829140472477e-11
1.303559044226311556e-03 2.331522879632964646e-11
1.488319118943491007e-03 2.338272206695138354e-11
1.699266181784216644e-03 2.338885118098125205e-11
1.940111848193723379e-03 2.335562702243170983e-11
2.215093799812727342e-03 2.324128250356392295e-11
2.529050346523555644e-03 2.302623122144879248e-11
2.887505556555510725e-03 2.280384438528219590e-11
3.296766452514468190e-03 2.245659013676943374e-11
3.764033983501665487e-03 2.207717117225664499e-11
4.297529725877133160e-03 2.164048075153021984e-11
4.906640541968792200e-03 2.116377730142898740e-11
5.602083741998558838e-03 2.064563050185175592e-11
6.396095655250910901e-03 2.010560577784685797e-11
7.302646928395403400e-03 1.954617450448447717e-11
8.337688339138950647e-03 1.898712014211814861e-11
9.519431450301327549e-03 1.842161698521808444e-11
1.086866904242483368e-02 1.786109235618539078e-11
1.240914096293269792e-02 1.729939038774118462e-11
1.416795182895542494e-02 1.673005562401581885e-11
1.617604793331012952e-02 1.614810182898900991e-11
1.846876174479756758e-02 1.555301362265273391e-11
2.108643358330476725e-02 1.492662372885801460e-11
2.407512140809179788e-02 1.427723717332010790e-11
2.748741120799437498e-02 1.361396039760898003e-11
3.138334225236457525e-02 1.292856302916429309e-11
3.583146348254877267e-02 1.223909210359314708e-11
4.091003963111961017e-02 1.157464124502272900e-11
4.670842829054128870e-02 1.093962845361323823e-11
5.332865216080283355e-02 1.035212147226438059e-11
6.088719413973124606e-02 9.829411299179426493e-12
6.951704684061361939e-02 9.384292298301632107e-12
7.937005259840994309e-02 8.993338097531452977e-12
9.061957513698605526e-02 8.684835983120291596e-12
1.034635499053754015e-01 8.431281471679392523e-12
1.181279667537639827e-01 8.222959054179442115e-12
1.348708462269125885e-01 8.049985252474270279e-12
1.539867794379342347e-01 7.900406047293468267e-12
1.758121114015480380e-01 7.771499030772285628e-12
2.007308590276014049e-01 7.378341462324597197e-12
2.291814679020120205e-01 7.514397329551552880e-12
2.616645267407468611e-01 7.408687637815946500e-12
2.987515752527299395e-01 7.281669340201378850e-12
3.410951603860981618e-01 7.166374546597459283e-12
3.894403178975540114e-01 6.776361926867782625e-12
4.446376812631230857e-01 6.941676151297200713e-12
5.076584485817264847e-01 6.829653592162702139e-12
5.796114708143601524e-01 6.716904059507868517e-12
6.617627620266074429e-01 6.609230771213928646e-12
7.555577749173747470e-01 6.515050696070399934e-12
8.626468335719695846e-01 6.453146699382191338e-12
9.849141709290517577e-01 6.408906798979860297e-12
1.124511081875930740e+00 6.370317440431039373e-12
1.283893775301226059e+00 6.330638679025375310e-12
1.465866591112085393e+00 6.290674846407849713e-12
1.673631342619777307e+00 6.242952922733433278e-12
1.910843652473351639e+00 6.188737676147570941e-12
2.181677273372637949e+00 6.136702817454196635e-12
2.490897525284079261e+00 6.087880265078054444e-12
2.843945141287901546e+00 6.010485791685176209e-12
3.247031997324998809e+00 5.937305006916477370e-12
3.707250410209323110e+00 5.858240790873496929e-12
4.232697927005231620e+00 5.771966016137543114e-12
4.832619801440067420e+00 5.677326330276498999e-12
5.517571664225630279e+00 5.577461647548206058e-12
6.299605249474361734e+00 5.471881035387733417e-12
7.192480445068150097e+00 5.357093133614390906e-12
8.211907398007863179e+00 5.235901709677003937e-12
9.375822934589473689e+00 5.104663619215737066e-12
1.070470615902210909e+01 4.967731240429580687e-12
1.222193878344859996e+01 4.825348255878619165e-12
1.395421652937837109e+01 4.670717428280307344e-12
1.593201883914474770e+01 4.512028921613765613e-12
1.819014516196350684e+01 4.346993197522763771e-12
2.076832725055111695e+01 4.175144106215286754e-12
2.371192824166701740e+01 3.997341364526369134e-12
2.707274082090773248e+01 3.812100918456844251e-12
3.090989851547034206e+01 3.622006481688315677e-12
3.529091614908913499e+01 3.424686768609568293e-12
4.029287776595880644e+01 3.222430547700228221e-12
4.600379292517754948e+01 3.016914881230492297e-12
5.252414522972097188e+01 2.807214617150135509e-12
5.996866033632959159e+01 2.594056529061921661e-12
6.846832455445905907e+01 2.377770716486674795e-12
7.817268955155813615e+01 2.159779726829203856e-12
8.925250371598754384e+01 1.939967588200170910e-12
1.019027164764295179e+02 1.719371863469339596e-12
1.163459084388180571e+02 1.501482884207718401e-12
1.328362076940792633e+02 1.284252641331552916e-12
1.516637612041479599e+02 1.071855453020239816e-12
1.731598399403418114e+02 8.652129516765074839e-13
1.977026675990466629e+02 6.673196665863364810e-13
2.257240754510130500e+02 4.825625140886686775e-13
2.577171004164054580e+02 3.162992731253224305e-13
2.942446600537910513e+02 1.759757664135920136e-13
3.359494570995859135e+02 7.200477100354155807e-14
3.835652878284158191e+02 1.548836427894607543e-14
4.379299532050844732e+02 7.647349212713505749e-17
