9.999999999999998040e-04 2.444411175629783784e-10
1.141735102476187751e-03 2.473153439172312539e-10
1.303559044226311556e-03 2.483038220587766699e-10
1.488319118943491007e-03 2.511410827755774307e-10
1.699266181784216644e-03 2.518873724704421232e-10
1.940111848193723379e-03 2.520425954054849395e-10
2.215093799812727342e-03 2.508258382220395130e-10
2.529050346523555644e-03 2.489062547734660811e-10
2.887505556555510725e-03 2.464188041172001917e-10
3.296766452514468190e-03 2.423551308349419936e-10
3.764033983501665487e-03 2.376902560856911822e-10
4.297529725877133160e-03 2.322571921201126113e-10
4.906640541968792200e-03 2.262509605740929223e-10
5.602083741998558838e-03 2.195868751848543944e-10
6.396095655250910901e-03 2.126502793768832327e-10
7.302646928395403400e-03 2.054420676687445588e-10
8.337688339138950647e-03 1.981318322751727099e-10
9.519431450301327549e-03 1.908988924786916837e-10
1.086866904242483368e-02 1.835138535865623957e-10
1.240914096293269792e-02 1.762050000444563443e-10
1.416795182895542494e-02 1.687740724684097117e-10
1.617604793331012952e-02 1.611332094844612037e-10
1.846876174479756758e-02 1.532517142630681288e-10
2.108643358330476725e-02 1.448717092995284433e-10
2.407512140809179788e-02 1.361111133780506190e-10
2.748741120799437498e-02 1.270339472081171786e-10
3.138334225236457525e-02 1.176208048860817421e-10
3.583146348254877267e-02 1.080545640454085473e-10
4.091003963111961017e-02 9.873885825791921856e-11
4.670842829054128870e-02 8.979368699439300462e-11
5.332865216080283355e-02 8.148846665529674736e-11
6.088719413973124606e-02 7.418484942554615222e-11
6.951704684061361939e-02 6.749745927984844871e-11
7.937005259840994309e-02 6.200176305121467666e-11
9.061957513698605526e-02 5.749148911982218472e-11
1.034635499053754015e-01 5.378022933982967762e-11
1.181279667537639827e-01 5.071587574811615366e-11
1.348708462269125885e-01 4.812827119692886897e-11
1.539867794379342347e-01 4.584717537885334726e-11
1.758121114015480380e-01 4.378177967255901292e-11
2.007308590276014049e-01 4.175767492027066042e-11
2.291814679020120205e-01 3.982316374412044248e-11
2.616645267407468611e-01 3.793030761708367233e-11
2.987515752527299395e-01 3.606534867982587716e-11
3.410951603860981618e-01 3.420913596128306451e-11
3.894403178975540114e-01 3.236806845770829109e-11
4.446376812631230857e-01 3.052499575094131705e-11
5.076584485817264847e-01 2.868639948315718014e-11
5.796114708143601524e-01 2.685761991157493295e-11
6.617627620266074429e-01 2.506951737494986883e-11
7.555577749173747470e-01 2.349789551894546010e-11
8.626468335719695846e-01 2.242161083492127565e-11
9.849141709290517577e-01 2.169205643847715226e-11
1.124511081875930740e+00 2.107523726792999786e-11
1.283893775301226059e+00 2.050050916842140773e-11
1.465866591112085393e+00 1.994975799747643882e-11
1.673631342619777307e+00 1.939406975219356246e-11
1.910843652473351639e+00 1.886367840949424067e-11
2.181677273372637949e+00 1.834626465156942060e-11
2.490897525284079261e+00 1.783381051994634310e-11
2.843945141287901546e+00 1.728577375370442569e-11
3.247031997324998809e+00 1.674726697417133977e-11
3.707250410209323110e+00 1.620494837132081110e-11
4.232697927005231620e+00 1.565620876888855102e-11
4.832619801440067420e+00 1.509619317134352437e-11
5.517571664225630279e+00 1.454148566163584990e-11
6.299605249474361734e+00 1.397507453529276097e-11
7.192480445068150097e+00 1.340203279534590786e-11
8.211907398007863179e+00 1.282700756257621542e-11
9.375822934589473689e+00 1.223889402091031087e-11
1.070470615902210909e+01 1.165172345809490693e-11
1.222193878344859996e+01 1.106717860491095363e-11
1.395421652937837109e+01 1.046725594950101749e-11
1.593201883914474770e+01 9.874095202491593373e-12
1.819014516196350684e+01 9.283848341303616894e-12
2.076832725055111695e+01 8.705779218550469982e-12
2.371192824166701740e+01 8.112205307255640529e-12
2.707274082090773248e+01 7.531409144448672597e-12
3.090989851547034206e+01 6.960257914057413150e-12
3.529091614908913499e+01 6.394261405643089408e-12
4.029287776595880644e+01 5.840078890885864368e-12
4.600379292517754948e+01 5.301684207110692623e-12
5.252414522972097188e+01 4.778175308836320801e-12
5.996866033632959159e+01 4.271780237433545181e-12
6.846832455445905907e+01 3.784189498726117187e-12
7.817268955155813615e+01 3.318060478435576708e-12
8.925250371598754384e+01 2.873738480156358948e-12
1.019027164764295179e+02 2.453813455283810835e-12
1.163459084388180571e+02 2.060882195420571071e-12
1.328362076940792633e+02 1.694811102431772418e-12
1.516637612041479599e+02 1.357529515381752350e-12
1.731598399403418114e+02 1.054188387595732073e-12
1.977026675990466629e+02 7.816751999696448477e-13
2.257240754510130500e+02 5.444007331885734969e-13
2.577171004164054580e+02 3.449324872025609651e-13
2.942446600537910513e+02 1.858237483303142531e-13
3.359494570995859135e+02 7.530718976375382708e-14
3.835652878284158191e+02 1.632288128957660934e-14
4.379299532050844732e+02 1.627921912876729188e-16
