#   POSITRON/ELECTRON+POSITRON  AMS02(2011/06-2013/11)
#   <E>  Elo  Eup   y   ystat_lo  ystat_up  ysyst_lo  ysyst_up  yerrtot_lo  yerrtot_up
5.700000e-01 5.000000e-01 6.500000e-01 9.430000e-02 2.700000e-03 2.700000e-03 4.300000e-03 4.300000e-03 5.077401e-03 5.077401e-03
7.300000e-01 6.500000e-01 8.100000e-01 9.170000e-02 1.500000e-03 1.500000e-03 3.300000e-03 3.300000e-03 3.624914e-03 3.624914e-03
9.000000e-01 8.100000e-01 1.000000e+00 8.620000e-02 8.000000e-04 8.000000e-04 2.500000e-03 2.500000e-03 2.624881e-03 2.624881e-03
1.100000e+00 1.000000e+00 1.210000e+00 8.200000e-02 7.000000e-04 7.000000e-04 2.000000e-03 2.000000e-03 2.118962e-03 2.118962e-03
1.320000e+00 1.210000e+00 1.450000e+00 7.750000e-02 5.000000e-04 5.000000e-04 1.800000e-03 1.800000e-03 1.868154e-03 1.868154e-03
1.570000e+00 1.450000e+00 1.700000e+00 7.240000e-02 5.000000e-04 5.000000e-04 1.600000e-03 1.600000e-03 1.676305e-03 1.676305e-03
1.830000e+00 1.700000e+00 1.970000e+00 6.860000e-02 4.000000e-04 4.000000e-04 1.400000e-03 1.400000e-03 1.456022e-03 1.456022e-03
2.120000e+00 1.970000e+00 2.280000e+00 6.500000e-02 3.000000e-04 3.000000e-04 1.200000e-03 1.200000e-03 1.236932e-03 1.236932e-03
2.430000e+00 2.280000e+00 2.600000e+00 6.220000e-02 4.000000e-04 4.000000e-04 1.000000e-03 1.000000e-03 1.077033e-03 1.077033e-03
2.760000e+00 2.600000e+00 2.940000e+00 5.970000e-02 3.000000e-04 3.000000e-04 9.000000e-04 9.000000e-04 9.486833e-04 9.486833e-04
3.110000e+00 2.940000e+00 3.300000e+00 5.760000e-02 3.000000e-04 3.000000e-04 8.000000e-04 8.000000e-04 8.544004e-04 8.544004e-04
3.490000e+00 3.300000e+00 3.700000e+00 5.590000e-02 3.000000e-04 3.000000e-04 7.000000e-04 7.000000e-04 7.615773e-04 7.615773e-04
3.900000e+00 3.700000e+00 4.110000e+00 5.530000e-02 3.000000e-04 3.000000e-04 6.000000e-04 6.000000e-04 6.708204e-04 6.708204e-04
4.320000e+00 4.110000e+00 4.540000e+00 5.390000e-02 3.000000e-04 3.000000e-04 5.000000e-04 5.000000e-04 5.830952e-04 5.830952e-04
4.760000e+00 4.540000e+00 5.000000e+00 5.280000e-02 3.000000e-04 3.000000e-04 4.000000e-04 4.000000e-04 5.000000e-04 5.000000e-04
5.240000e+00 5.000000e+00 5.500000e+00 5.240000e-02 3.000000e-04 3.000000e-04 4.000000e-04 4.000000e-04 5.000000e-04 5.000000e-04
5.740000e+00 5.500000e+00 6.000000e+00 5.150000e-02 3.000000e-04 3.000000e-04 3.000000e-04 3.000000e-04 4.242641e-04 4.242641e-04
6.270000e+00 6.000000e+00 6.560000e+00 5.140000e-02 3.000000e-04 3.000000e-04 3.000000e-04 3.000000e-04 4.242641e-04 4.242641e-04
6.850000e+00 6.560000e+00 7.160000e+00 5.110000e-02 4.000000e-04 4.000000e-04 3.000000e-04 3.000000e-04 5.000000e-04 5.000000e-04
7.470000e+00 7.160000e+00 7.800000e+00 5.060000e-02 4.000000e-04 4.000000e-04 3.000000e-04 3.000000e-04 5.000000e-04 5.000000e-04
8.140000e+00 7.800000e+00 8.500000e+00 5.090000e-02 4.000000e-04 4.000000e-04 3.000000e-04 3.000000e-04 5.000000e-04 5.000000e-04
8.850000e+00 8.500000e+00 9.210000e+00 5.140000e-02 4.000000e-04 4.000000e-04 3.000000e-04 3.000000e-04 5.000000e-04 5.000000e-04
9.570000e+00 9.210000e+00 9.950000e+00 5.130000e-02 5.000000e-04 5.000000e-04 3.000000e-04 3.000000e-04 5.830952e-04 5.830952e-04
1.033000e+01 9.950000e+00 1.073000e+01 5.230000e-02 5.000000e-04 5.000000e-04 3.000000e-04 3.000000e-04 5.830952e-04 5.830952e-04
1.113000e+01 1.073000e+01 1.154000e+01 5.320000e-02 6.000000e-04 6.000000e-04 3.000000e-04 3.000000e-04 6.708204e-04 6.708204e-04
1.196000e+01 1.154000e+01 1.239000e+01 5.460000e-02 6.000000e-04 6.000000e-04 3.000000e-04 3.000000e-04 6.708204e-04 6.708204e-04
1.282000e+01 1.239000e+01 1.327000e+01 5.530000e-02 6.000000e-04 6.000000e-04 3.000000e-04 3.000000e-04 6.708204e-04 6.708204e-04
1.372000e+01 1.327000e+01 1.419000e+01 5.520000e-02 7.000000e-04 7.000000e-04 4.000000e-04 4.000000e-04 8.062258e-04 8.062258e-04
1.466000e+01 1.419000e+01 1.515000e+01 5.580000e-02 7.000000e-04 7.000000e-04 4.000000e-04 4.000000e-04 8.062258e-04 8.062258e-04
1.564000e+01 1.515000e+01 1.615000e+01 5.700000e-02 8.000000e-04 8.000000e-04 4.000000e-04 4.000000e-04 8.944272e-04 8.944272e-04
1.666000e+01 1.615000e+01 1.718000e+01 5.850000e-02 9.000000e-04 9.000000e-04 4.000000e-04 4.000000e-04 9.848858e-04 9.848858e-04
1.771000e+01 1.718000e+01 1.825000e+01 6.010000e-02 1.000000e-03 1.000000e-03 4.000000e-04 4.000000e-04 1.077033e-03 1.077033e-03
1.880000e+01 1.825000e+01 1.937000e+01 5.960000e-02 1.000000e-03 1.000000e-03 4.000000e-04 4.000000e-04 1.077033e-03 1.077033e-03
1.995000e+01 1.937000e+01 2.054000e+01 6.250000e-02 1.000000e-03 1.000000e-03 4.000000e-04 4.000000e-04 1.077033e-03 1.077033e-03
2.114000e+01 2.054000e+01 2.176000e+01 6.170000e-02 1.100000e-03 1.100000e-03 5.000000e-04 5.000000e-04 1.208305e-03 1.208305e-03
2.241000e+01 2.176000e+01 2.307000e+01 6.400000e-02 1.200000e-03 1.200000e-03 5.000000e-04 5.000000e-04 1.300000e-03 1.300000e-03
2.375000e+01 2.307000e+01 2.445000e+01 6.550000e-02 1.300000e-03 1.300000e-03 5.000000e-04 5.000000e-04 1.392839e-03 1.392839e-03
2.515000e+01 2.445000e+01 2.587000e+01 6.520000e-02 1.300000e-03 1.300000e-03 5.000000e-04 5.000000e-04 1.392839e-03 1.392839e-03
2.659000e+01 2.587000e+01 2.734000e+01 6.620000e-02 1.400000e-03 1.400000e-03 5.000000e-04 5.000000e-04 1.486607e-03 1.486607e-03
2.809000e+01 2.734000e+01 2.887000e+01 7.040000e-02 1.500000e-03 1.500000e-03 6.000000e-04 6.000000e-04 1.615549e-03 1.615549e-03
2.965000e+01 2.887000e+01 3.045000e+01 7.170000e-02 1.600000e-03 1.600000e-03 6.000000e-04 6.000000e-04 1.708801e-03 1.708801e-03
3.126000e+01 3.045000e+01 3.210000e+01 7.190000e-02 1.800000e-03 1.800000e-03 6.000000e-04 6.000000e-04 1.897367e-03 1.897367e-03
3.294000e+01 3.210000e+01 3.380000e+01 7.210000e-02 1.900000e-03 1.900000e-03 6.000000e-04 6.000000e-04 1.992486e-03 1.992486e-03
3.467000e+01 3.380000e+01 3.557000e+01 7.660000e-02 2.100000e-03 2.100000e-03 7.000000e-04 7.000000e-04 2.213594e-03 2.213594e-03
3.647000e+01 3.557000e+01 3.740000e+01 7.320000e-02 2.100000e-03 2.100000e-03 7.000000e-04 7.000000e-04 2.213594e-03 2.213594e-03
3.868000e+01 3.740000e+01 4.000000e+01 7.810000e-02 2.000000e-03 2.000000e-03 7.000000e-04 7.000000e-04 2.118962e-03 2.118962e-03
4.166000e+01 4.000000e+01 4.339000e+01 8.060000e-02 2.100000e-03 2.100000e-03 8.000000e-04 8.000000e-04 2.247221e-03 2.247221e-03
4.516000e+01 4.339000e+01 4.701000e+01 8.720000e-02 2.400000e-03 2.400000e-03 8.000000e-04 8.000000e-04 2.529822e-03 2.529822e-03
4.890000e+01 4.701000e+01 5.087000e+01 8.400000e-02 2.700000e-03 2.700000e-03 9.000000e-04 9.000000e-04 2.846050e-03 2.846050e-03
5.289000e+01 5.087000e+01 5.498000e+01 8.870000e-02 2.800000e-03 2.800000e-03 1.000000e-03 1.000000e-03 2.973214e-03 2.973214e-03
5.713000e+01 5.498000e+01 5.936000e+01 9.210000e-02 3.200000e-03 3.200000e-03 1.000000e-03 1.000000e-03 3.352611e-03 3.352611e-03
6.165000e+01 5.936000e+01 6.403000e+01 9.330000e-02 3.700000e-03 3.700000e-03 1.100000e-03 1.100000e-03 3.860052e-03 3.860052e-03
6.647000e+01 6.403000e+01 6.900000e+01 9.740000e-02 3.900000e-03 3.900000e-03 1.200000e-03 1.200000e-03 4.080441e-03 4.080441e-03
7.160000e+01 6.900000e+01 7.430000e+01 1.069000e-01 4.400000e-03 4.400000e-03 1.300000e-03 1.300000e-03 4.588028e-03 4.588028e-03
7.710000e+01 7.430000e+01 8.000000e+01 9.630000e-02 4.700000e-03 4.700000e-03 1.400000e-03 1.400000e-03 4.904080e-03 4.904080e-03
8.295000e+01 8.000000e+01 8.600000e+01 1.034000e-01 5.600000e-03 5.600000e-03 1.500000e-03 1.500000e-03 5.797413e-03 5.797413e-03
8.919000e+01 8.600000e+01 9.250000e+01 1.207000e-01 6.300000e-03 6.300000e-03 1.600000e-03 1.600000e-03 6.500000e-03 6.500000e-03
9.618000e+01 9.250000e+01 1.000000e+02 1.169000e-01 6.300000e-03 6.300000e-03 1.800000e-03 1.800000e-03 6.552099e-03 6.552099e-03
1.072800e+02 1.000000e+02 1.151000e+02 1.205000e-01 5.400000e-03 5.400000e-03 2.100000e-03 2.100000e-03 5.793962e-03 5.793962e-03
1.233100e+02 1.151000e+02 1.321000e+02 1.110000e-01 6.200000e-03 6.200000e-03 2.600000e-03 2.600000e-03 6.723095e-03 6.723095e-03
1.414700e+02 1.321000e+02 1.515000e+02 1.327000e-01 8.300000e-03 8.300000e-03 3.200000e-03 3.200000e-03 8.895504e-03 8.895504e-03
1.621300e+02 1.515000e+02 1.735000e+02 1.374000e-01 9.700000e-03 9.700000e-03 4.000000e-03 4.000000e-03 1.049238e-02 1.049238e-02
1.890500e+02 1.735000e+02 2.060000e+02 1.521000e-01 1.090000e-02 1.090000e-02 5.300000e-03 5.300000e-03 1.212023e-02 1.212023e-02
2.314300e+02 2.060000e+02 2.600000e+02 1.550000e-01 1.240000e-02 1.240000e-02 8.400000e-03 8.400000e-03 1.497732e-02 1.497732e-02
2.620000e+02 2.370000e+02 2.900000e+02 1.756168e-01 2.561523e-02 2.561523e-02 1.094761e-02 1.094761e-02 2.785660e-02 2.785660e-02
3.016600e+02 2.600000e+02 3.500000e+02 1.590000e-01 1.680000e-02 1.680000e-02 1.320000e-02 1.320000e-02 2.136539e-02 2.136539e-02
4.183300e+02 3.500000e+02 5.000000e+02 1.471000e-01 2.780000e-02 2.780000e-02 1.940000e-02 1.940000e-02 3.389985e-02 3.389985e-02
