#   ELECTRON+POSITRON  AMS02(2011/06-2013/11)
#   <E>  Elo  Eup   y   ystat_lo  ystat_up  ysyst_lo  ysyst_up  yerrtot_lo  yerrtot_up
5.700000e-01 5.000000e-01 6.500000e-01 2.710000e+01 1.000000e+00 1.000000e+00 5.400000e+00 5.400000e+00 5.491812e+00 5.491812e+00
7.300000e-01 6.500000e-01 8.200000e-01 2.380000e+01 2.000000e-01 2.000000e-01 2.100000e+00 2.100000e+00 2.109502e+00 2.109502e+00
9.100000e-01 8.200000e-01 1.010000e+00 2.170000e+01 1.000000e-01 1.000000e-01 1.600000e+00 1.600000e+00 1.603122e+00 1.603122e+00
1.110000e+00 1.010000e+00 1.220000e+00 2.010000e+01 1.000000e-01 1.000000e-01 1.200000e+00 1.200000e+00 1.204159e+00 1.204159e+00
1.330000e+00 1.220000e+00 1.460000e+00 1.780000e+01 1.000000e-01 1.000000e-01 9.000000e-01 9.000000e-01 9.055385e-01 9.055385e-01
1.580000e+00 1.460000e+00 1.720000e+00 1.460000e+01 0.000000e+00 0.000000e+00 6.000000e-01 6.000000e-01 6.000000e-01 6.000000e-01
1.850000e+00 1.720000e+00 2.000000e+00 1.190000e+01 0.000000e+00 0.000000e+00 4.000000e-01 4.000000e-01 4.000000e-01 4.000000e-01
2.150000e+00 2.000000e+00 2.310000e+00 9.470000e+00 1.000000e-02 1.000000e-02 2.800000e-01 2.800000e-01 2.801785e-01 2.801785e-01
2.470000e+00 2.310000e+00 2.650000e+00 7.480000e+00 1.000000e-02 1.000000e-02 1.900000e-01 1.900000e-01 1.902630e-01 1.902630e-01
2.820000e+00 2.650000e+00 3.000000e+00 5.770000e+00 1.000000e-02 1.000000e-02 1.300000e-01 1.300000e-01 1.303840e-01 1.303840e-01
3.170000e+00 3.000000e+00 3.360000e+00 4.810000e+00 1.000000e-02 1.000000e-02 1.000000e-01 1.000000e-01 1.004988e-01 1.004988e-01
3.540000e+00 3.360000e+00 3.730000e+00 3.770000e+00 1.000000e-02 1.000000e-02 8.000000e-02 8.000000e-02 8.062258e-02 8.062258e-02
3.920000e+00 3.730000e+00 4.120000e+00 2.990000e+00 0.000000e+00 0.000000e+00 6.000000e-02 6.000000e-02 6.000000e-02 6.000000e-02
4.320000e+00 4.120000e+00 4.540000e+00 2.370000e+00 0.000000e+00 0.000000e+00 5.000000e-02 5.000000e-02 5.000000e-02 5.000000e-02
4.760000e+00 4.540000e+00 5.000000e+00 1.870000e+00 0.000000e+00 0.000000e+00 4.000000e-02 4.000000e-02 4.000000e-02 4.000000e-02
5.240000e+00 5.000000e+00 5.490000e+00 1.470000e+00 0.000000e+00 0.000000e+00 3.000000e-02 3.000000e-02 3.000000e-02 3.000000e-02
5.740000e+00 5.490000e+00 6.000000e+00 1.160000e+00 0.000000e+00 0.000000e+00 2.000000e-02 2.000000e-02 2.000000e-02 2.000000e-02
6.260000e+00 6.000000e+00 6.540000e+00 9.130000e-01 1.000000e-03 1.000000e-03 1.900000e-02 1.900000e-02 1.902630e-02 1.902630e-02
6.810000e+00 6.540000e+00 7.100000e+00 7.240000e-01 1.000000e-03 1.000000e-03 1.500000e-02 1.500000e-02 1.503330e-02 1.503330e-02
7.390000e+00 7.100000e+00 7.690000e+00 5.760000e-01 1.000000e-03 1.000000e-03 1.200000e-02 1.200000e-02 1.204159e-02 1.204159e-02
7.990000e+00 7.690000e+00 8.300000e+00 4.570000e-01 1.000000e-03 1.000000e-03 9.000000e-03 9.000000e-03 9.055385e-03 9.055385e-03
8.620000e+00 8.300000e+00 8.950000e+00 3.650000e-01 1.000000e-03 1.000000e-03 7.000000e-03 7.000000e-03 7.071068e-03 7.071068e-03
9.280000e+00 8.950000e+00 9.620000e+00 2.920000e-01 1.000000e-03 1.000000e-03 6.000000e-03 6.000000e-03 6.082763e-03 6.082763e-03
9.960000e+00 9.620000e+00 1.032000e+01 2.350000e-01 1.000000e-03 1.000000e-03 5.000000e-03 5.000000e-03 5.099020e-03 5.099020e-03
1.070000e+01 1.030000e+01 1.100000e+01 1.890000e-01 0.000000e+00 0.000000e+00 4.000000e-03 4.000000e-03 4.000000e-03 4.000000e-03
1.140000e+01 1.100000e+01 1.180000e+01 1.540000e-01 0.000000e+00 0.000000e+00 3.000000e-03 3.000000e-03 3.000000e-03 3.000000e-03
1.220000e+01 1.180000e+01 1.260000e+01 1.260000e-01 0.000000e+00 0.000000e+00 3.000000e-03 3.000000e-03 3.000000e-03 3.000000e-03
1.300000e+01 1.260000e+01 1.340000e+01 1.030000e-01 0.000000e+00 0.000000e+00 2.000000e-03 2.000000e-03 2.000000e-03 2.000000e-03
1.380000e+01 1.340000e+01 1.420000e+01 8.420000e-02 3.000000e-04 3.000000e-04 1.700000e-03 1.700000e-03 1.726268e-03 1.726268e-03
1.470000e+01 1.420000e+01 1.510000e+01 6.910000e-02 2.000000e-04 2.000000e-04 1.400000e-03 1.400000e-03 1.414214e-03 1.414214e-03
1.560000e+01 1.510000e+01 1.610000e+01 5.730000e-02 2.000000e-04 2.000000e-04 1.200000e-03 1.200000e-03 1.216553e-03 1.216553e-03
1.650000e+01 1.610000e+01 1.700000e+01 4.740000e-02 2.000000e-04 2.000000e-04 1.000000e-03 1.000000e-03 1.019804e-03 1.019804e-03
1.750000e+01 1.700000e+01 1.800000e+01 3.930000e-02 2.000000e-04 2.000000e-04 8.000000e-04 8.000000e-04 8.246211e-04 8.246211e-04
1.850000e+01 1.800000e+01 1.900000e+01 3.290000e-02 1.000000e-04 1.000000e-04 7.000000e-04 7.000000e-04 7.071068e-04 7.071068e-04
1.950000e+01 1.900000e+01 2.000000e+01 2.750000e-02 1.000000e-04 1.000000e-04 6.000000e-04 6.000000e-04 6.082763e-04 6.082763e-04
2.060000e+01 2.000000e+01 2.110000e+01 2.310000e-02 1.000000e-04 1.000000e-04 5.000000e-04 5.000000e-04 5.099020e-04 5.099020e-04
2.170000e+01 2.110000e+01 2.220000e+01 1.940000e-02 1.000000e-04 1.000000e-04 4.000000e-04 4.000000e-04 4.123106e-04 4.123106e-04
2.280000e+01 2.220000e+01 2.340000e+01 1.650000e-02 1.000000e-04 1.000000e-04 3.000000e-04 3.000000e-04 3.162278e-04 3.162278e-04
2.400000e+01 2.340000e+01 2.460000e+01 1.390000e-02 1.000000e-04 1.000000e-04 3.000000e-04 3.000000e-04 3.162278e-04 3.162278e-04
2.520000e+01 2.460000e+01 2.590000e+01 1.190000e-02 1.000000e-04 1.000000e-04 2.000000e-04 2.000000e-04 2.236068e-04 2.236068e-04
2.660000e+01 2.590000e+01 2.720000e+01 9.980000e-03 6.000000e-05 6.000000e-05 2.000000e-04 2.000000e-04 2.088061e-04 2.088061e-04
2.800000e+01 2.720000e+01 2.870000e+01 8.520000e-03 5.000000e-05 5.000000e-05 1.700000e-04 1.700000e-04 1.772005e-04 1.772005e-04
2.940000e+01 2.870000e+01 3.020000e+01 7.220000e-03 4.000000e-05 4.000000e-05 1.500000e-04 1.500000e-04 1.552417e-04 1.552417e-04
3.100000e+01 3.020000e+01 3.180000e+01 6.030000e-03 4.000000e-05 4.000000e-05 1.200000e-04 1.200000e-04 1.264911e-04 1.264911e-04
3.270000e+01 3.180000e+01 3.350000e+01 5.150000e-03 3.000000e-05 3.000000e-05 1.100000e-04 1.100000e-04 1.140175e-04 1.140175e-04
3.440000e+01 3.350000e+01 3.540000e+01 4.290000e-03 3.000000e-05 3.000000e-05 9.000000e-05 9.000000e-05 9.486833e-05 9.486833e-05
3.630000e+01 3.540000e+01 3.730000e+01 3.640000e-03 3.000000e-05 3.000000e-05 7.000000e-05 7.000000e-05 7.615773e-05 7.615773e-05
3.830000e+01 3.730000e+01 3.940000e+01 3.110000e-03 2.000000e-05 2.000000e-05 6.000000e-05 6.000000e-05 6.324555e-05 6.324555e-05
4.050000e+01 3.940000e+01 4.160000e+01 2.590000e-03 2.000000e-05 2.000000e-05 5.000000e-05 5.000000e-05 5.385165e-05 5.385165e-05
4.280000e+01 4.160000e+01 4.400000e+01 2.180000e-03 2.000000e-05 2.000000e-05 4.000000e-05 4.000000e-05 4.472136e-05 4.472136e-05
4.530000e+01 4.400000e+01 4.660000e+01 1.810000e-03 2.000000e-05 2.000000e-05 4.000000e-05 4.000000e-05 4.472136e-05 4.472136e-05
4.790000e+01 4.660000e+01 4.930000e+01 1.490000e-03 1.000000e-05 1.000000e-05 3.000000e-05 3.000000e-05 3.162278e-05 3.162278e-05
5.080000e+01 4.930000e+01 5.230000e+01 1.240000e-03 1.000000e-05 1.000000e-05 3.000000e-05 3.000000e-05 3.162278e-05 3.162278e-05
5.390000e+01 5.230000e+01 5.560000e+01 1.040000e-03 1.000000e-05 1.000000e-05 2.000000e-05 2.000000e-05 2.236068e-05 2.236068e-05
5.730000e+01 5.560000e+01 5.910000e+01 8.620000e-04 1.000000e-05 1.000000e-05 1.800000e-05 1.800000e-05 2.059126e-05 2.059126e-05
6.100000e+01 5.910000e+01 6.300000e+01 7.060000e-04 9.000000e-06 9.000000e-06 1.500000e-05 1.500000e-05 1.749286e-05 1.749286e-05
6.510000e+01 6.300000e+01 6.730000e+01 5.620000e-04 7.000000e-06 7.000000e-06 1.200000e-05 1.200000e-05 1.389244e-05 1.389244e-05
6.960000e+01 6.730000e+01 7.200000e+01 4.560000e-04 6.000000e-06 6.000000e-06 9.000000e-06 9.000000e-06 1.081665e-05 1.081665e-05
7.460000e+01 7.200000e+01 7.740000e+01 3.660000e-04 5.000000e-06 5.000000e-06 8.000000e-06 8.000000e-06 9.433981e-06 9.433981e-06
8.030000e+01 7.740000e+01 8.340000e+01 2.910000e-04 4.000000e-06 4.000000e-06 6.000000e-06 6.000000e-06 7.211103e-06 7.211103e-06
8.670000e+01 8.340000e+01 9.020000e+01 2.320000e-04 4.000000e-06 4.000000e-06 5.000000e-06 5.000000e-06 6.403124e-06 6.403124e-06
9.400000e+01 9.020000e+01 9.810000e+01 1.780000e-04 3.000000e-06 3.000000e-06 4.000000e-06 4.000000e-06 5.000000e-06 5.000000e-06
1.030000e+02 9.800000e+01 1.070000e+02 1.370000e-04 3.000000e-06 3.000000e-06 3.000000e-06 3.000000e-06 4.242641e-06 4.242641e-06
1.130000e+02 1.070000e+02 1.180000e+02 1.010000e-04 2.000000e-06 2.000000e-06 2.000000e-06 2.000000e-06 2.828427e-06 2.828427e-06
1.250000e+02 1.180000e+02 1.320000e+02 7.260000e-05 1.500000e-06 1.500000e-06 1.500000e-06 1.500000e-06 2.121320e-06 2.121320e-06
1.400000e+02 1.320000e+02 1.490000e+02 5.040000e-05 1.200000e-06 1.200000e-06 1.100000e-06 1.100000e-06 1.627882e-06 1.627882e-06
1.590000e+02 1.490000e+02 1.700000e+02 3.550000e-05 9.000000e-07 9.000000e-07 8.000000e-07 8.000000e-07 1.204159e-06 1.204159e-06
1.830000e+02 1.700000e+02 1.980000e+02 2.170000e-05 6.000000e-07 6.000000e-07 5.000000e-07 5.000000e-07 7.810250e-07 7.810250e-07
2.160000e+02 1.980000e+02 2.370000e+02 1.270000e-05 4.000000e-07 4.000000e-07 3.000000e-07 3.000000e-07 5.000000e-07 5.000000e-07
2.620000e+02 2.370000e+02 2.900000e+02 6.890000e-06 2.700000e-07 2.700000e-07 1.600000e-07 1.600000e-07 3.138471e-07 3.138471e-07
3.270000e+02 2.900000e+02 3.700000e+02 3.450000e-06 1.700000e-07 1.700000e-07 9.000000e-08 9.000000e-08 1.923538e-07 1.923538e-07
4.290000e+02 3.700000e+02 5.000000e+02 1.450000e-06 1.000000e-07 1.000000e-07 4.000000e-08 4.000000e-08 1.077033e-07 1.077033e-07
5.890000e+02 5.000000e+02 7.000000e+02 5.410000e-07 5.600000e-08 5.600000e-08 2.300000e-08 2.300000e-08 6.053924e-08 6.053924e-08
8.320000e+02 7.000000e+02 1.000000e+03 1.900000e-07 4.000000e-08 4.000000e-08 2.300000e-08 2.300000e-08 4.614109e-08 4.614109e-08
