           1e+09     6.55643e-21     2.50926e+36
     1.04762e+09     5.94032e-21     2.19173e+36
      1.0975e+09     5.38136e-21     1.91439e+36
     1.14976e+09     4.87432e-21     1.67215e+36
      1.2045e+09     4.41442e-21     1.46055e+36
     1.26186e+09     3.99734e-21     1.27573e+36
     1.32194e+09     3.61914e-21      1.1143e+36
     1.38489e+09     3.27625e-21     9.73299e+35
     1.45083e+09      2.9654e-21     8.50138e+35
     1.51991e+09     2.68364e-21     7.42561e+35
     1.59228e+09     2.42829e-21     6.48598e+35
      1.6681e+09      2.1969e-21     5.66524e+35
     1.74753e+09     1.98724e-21     4.94836e+35
     1.83074e+09     1.79732e-21      4.3222e+35
     1.91791e+09     1.62528e-21     3.77527e+35
     2.00923e+09     1.46948e-21     3.29755e+35
      2.1049e+09      1.3284e-21     2.88027e+35
     2.20513e+09     1.20067e-21      2.5158e+35
     2.31013e+09     1.08504e-21     2.19745e+35
     2.42013e+09     9.80386e-22     1.91939e+35
     2.53536e+09     8.85675e-22     1.67651e+35
     2.65609e+09     7.99978e-22     1.46436e+35
     2.78256e+09     7.22449e-22     1.27906e+35
     2.91505e+09     6.52321e-22     1.11721e+35
     3.05386e+09     5.88897e-22     9.75839e+34
     3.19927e+09     5.31546e-22     8.52357e+34
      3.3516e+09     4.79695e-22     7.44499e+34
     3.51119e+09     4.32824e-22     6.50291e+34
     3.67838e+09     3.90462e-22     5.68003e+34
     3.85353e+09     3.52182e-22     4.96128e+34
     4.03702e+09     3.17596e-22     4.33348e+34
     4.22924e+09     2.86353e-22     3.78512e+34
     4.43062e+09     2.58135e-22     3.30615e+34
     4.64159e+09     2.32654e-22     2.88779e+34
      4.8626e+09     2.09648e-22     2.52237e+34
     5.09414e+09      1.8888e-22     2.20319e+34
      5.3367e+09     1.70137e-22      1.9244e+34
     5.59081e+09     1.53223e-22     1.68088e+34
     5.85702e+09     1.37964e-22     1.46819e+34
     6.13591e+09     1.24199e-22      1.2824e+34
     6.42807e+09     1.11785e-22     1.12013e+34
     6.73415e+09     1.00592e-22     9.78386e+33
      7.0548e+09     9.05002e-23     8.54581e+33
     7.39072e+09     8.14044e-23     7.46442e+33
     7.74264e+09     7.32074e-23     6.51988e+33
     8.11131e+09      6.5822e-23     5.69485e+33
     8.49753e+09      5.9169e-23     4.97423e+33
     8.90215e+09     5.31771e-23     4.34479e+33
     9.32603e+09     4.77816e-23       3.795e+33
      9.7701e+09     4.29242e-23     3.31478e+33
     1.02353e+10     3.85521e-23     2.89533e+33
     1.07227e+10     3.46176e-23     2.52895e+33
     1.12332e+10     3.10777e-23     2.20894e+33
     1.17681e+10     2.78934e-23     1.92942e+33
     1.23285e+10     2.50297e-23     1.68527e+33
     1.29155e+10     2.24548e-23     1.47202e+33
     1.35305e+10     2.01401e-23     1.28575e+33
     1.41747e+10     1.80598e-23     1.12305e+33
     1.48497e+10     1.61905e-23     9.80939e+32
     1.55568e+10     1.45112e-23     8.56811e+32
     1.62975e+10      1.3003e-23     7.48391e+32
     1.70735e+10     1.16487e-23     6.53689e+32
     1.78865e+10     1.04328e-23     5.70971e+32
     1.87382e+10     9.34156e-24     4.98721e+32
     1.96304e+10     8.36234e-24     4.35613e+32
     2.05651e+10     7.48387e-24      3.8049e+32
     2.15443e+10     6.69597e-24     3.32343e+32
     2.25702e+10     5.98946e-24     2.90288e+32
     2.36449e+10     5.35609e-24     2.53555e+32
     2.47708e+10     4.78843e-24      2.2147e+32
     2.59502e+10     4.27978e-24     1.93446e+32
     2.71859e+10     3.82413e-24     1.68967e+32
     2.84804e+10     3.41604e-24     1.47586e+32
     2.98365e+10     3.05065e-24      1.2891e+32
     3.12572e+10     2.72358e-24     1.12598e+32
     3.27455e+10     2.43087e-24     9.83499e+31
     3.43047e+10     2.16899e-24     8.59048e+31
     3.59381e+10     1.93475e-24     7.50344e+31
     3.76494e+10     1.72529e-24     6.55395e+31
     3.94421e+10     1.53803e-24     5.72462e+31
     4.13201e+10     1.37066e-24     5.00022e+31
     4.32876e+10     1.22112e-24      4.3675e+31
     4.53488e+10     1.08754e-24     3.81483e+31
