x	y
61.799	1.090
61.971	1.095
62.424	1.108
62.614	1.108
62.614	1.111
62.614	1.113
62.614	1.116
62.806	1.116
62.806	1.121
63.005	1.123
63.138	1.126
63.331	1.128
63.331	1.130
63.466	1.133
63.600	1.135
63.600	1.138
63.600	1.143
63.794	1.146
63.794	1.149
63.989	1.151
63.989	1.154
63.989	1.157
64.184	1.160
64.184	1.163
64.380	1.164
64.577	1.167
64.577	1.170
64.577	1.172
64.774	1.174
64.972	1.179
65.179	1.184
65.179	1.187
65.179	1.189
65.385	1.192
65.385	1.195
65.585	1.199
65.585	1.204
65.585	1.207
65.794	1.209
65.794	1.213
65.995	1.213
65.995	1.216
66.135	1.219
66.135	1.223
66.275	1.228
66.416	1.228
66.556	1.236
66.759	1.239
66.971	1.245
67.185	1.253
67.541	1.260
67.756	1.266
67.900	1.268
68.107	1.271
68.107	1.273
68.315	1.276
68.315	1.280
68.460	1.280
68.460	1.286
68.604	1.291
68.604	1.294
68.814	1.297
68.814	1.299
69.234	1.305
69.234	1.308
69.446	1.308
69.593	1.310
69.593	1.313
69.741	1.316
69.927	1.327
70.185	1.322
70.185	1.325
70.185	1.327
70.185	1.329
70.185	1.332
70.185	1.334
70.399	1.337
70.399	1.339
70.399	1.342
70.614	1.342
70.614	1.345
70.764	1.348
70.914	1.348
70.914	1.351
71.130	1.351
71.565	1.361
71.565	1.364
71.784	1.364
71.784	1.366
71.784	1.369
72.003	1.372
72.003	1.374
72.003	1.376
72.232	1.379
72.232	1.382
72.385	1.382
72.385	1.385
72.615	1.389
72.615	1.392
72.615	1.395
72.615	1.398
72.837	1.401
72.837	1.404
72.837	1.407
73.282	1.410
73.282	1.412
73.515	1.419
73.740	1.419
73.740	1.422
73.740	1.425
73.975	1.425
73.975	1.428
73.975	1.431
74.200	1.434
74.436	1.440
74.436	1.443
74.673	1.443
74.673	1.446
74.911	1.449
74.911	1.453
75.139	1.453
75.139	1.456
75.379	1.462
75.379	1.467
75.618	1.476
75.618	1.480
75.618	1.483
75.858	1.488
75.858	1.490
75.858	1.492
75.858	1.496
76.090	1.499
76.565	1.502
76.799	1.506
76.799	1.509
76.961	1.509
77.206	1.513
77.206	1.520
77.206	1.522
77.442	1.525
77.442	1.528
77.442	1.531
77.442	1.534
77.688	1.534
77.688	1.537
77.926	1.537
77.926	1.541
78.422	1.543
78.671	1.547
78.838	1.553
79.079	1.557
79.320	1.560
79.320	1.567
79.320	1.570
79.320	1.573
79.320	1.576
79.320	1.579
79.562	1.583
79.562	1.589
79.816	1.592
80.059	1.592
80.304	1.595
80.304	1.599
80.473	1.602
80.644	1.609
80.644	1.612
80.890	1.612
80.890	1.616
80.890	1.618
80.890	1.621
81.148	1.625
81.406	1.632
81.406	1.636
81.664	1.636
81.914	1.640
82.087	1.646
82.087	1.650
82.338	1.653
82.338	1.656
82.338	1.660
82.600	1.665
82.600	1.667
82.600	1.674
82.776	1.678
83.038	1.688
83.038	1.692
83.127	1.676
83.292	1.692
83.292	1.698
83.546	1.702
83.546	1.705
83.812	1.709
84.079	1.716
84.079	1.720
84.256	1.720
84.524	1.727
84.524	1.731
84.704	1.736
85.233	1.747
85.233	1.750
85.594	1.758
86.129	1.766
86.586	1.774
86.861	1.778
87.126	1.782
87.126	1.786
87.577	1.794
87.856	1.801
87.856	1.805
88.124	1.813
88.404	1.821
88.404	1.824
88.591	1.831
88.862	1.839
88.862	1.842
89.133	1.846
89.405	1.846
89.678	1.850
89.964	1.854
90.346	1.863
90.632	1.870
90.909	1.879
90.909	1.882
90.909	1.886
90.909	1.891
91.102	1.895
91.102	1.899
91.110	1.897
91.683	1.908
92.157	1.908
92.157	1.912
92.733	1.917
93.028	1.920
93.510	1.929
93.807	1.937
94.093	1.937
94.093	1.942
94.093	1.946
94.393	1.958
94.681	1.966
94.681	1.972
95.486	1.980
95.790	1.989
96.095	1.998
96.095	2.002
96.388	2.007
96.899	2.021
97.195	2.025
97.504	2.030
97.813	2.038
98.112	2.038
98.112	2.042
98.112	2.047
98.424	2.052
98.738	2.056
98.738	2.061
99.249	2.066
99.249	2.080
99.775	2.088
99.775	2.096
100.386	2.101
100.386	2.106
100.692	2.116
101.227	2.124
101.536	2.124
101.846	2.133
102.277	2.145
102.821	2.150
102.821	2.160
103.135	2.170
103.463	2.178
103.791	2.181
104.011	2.181
104.011	2.186
104.011	2.191
104.232	2.195
104.512	2.196
104.831	2.211
105.165	2.211
105.165	2.215
105.165	2.220
105.486	2.220
105.808	2.225
105.808	2.230
105.968	2.211
106.032	2.230
106.032	2.235
106.256	2.240
106.594	2.240
106.594	2.243
106.919	2.247
107.246	2.252
107.573	2.252
107.801	2.257
108.131	2.262
108.131	2.267
108.131	2.272
108.360	2.277
108.360	2.283
108.691	2.283
108.691	2.288
109.023	2.288
109.023	2.293
109.355	2.293
109.689	2.296
110.024	2.302
110.360	2.302
110.593	2.307
110.930	2.312
111.284	2.323
111.638	2.328
111.638	2.333
111.993	2.338
111.993	2.344
111.993	2.349
112.335	2.349
112.572	2.353
112.572	2.357
112.916	2.362
113.275	2.367
113.275	2.372
113.636	2.372
113.877	2.378
113.877	2.383
114.225	2.389
114.574	2.389
114.574	2.394
114.923	2.398
115.288	2.398
115.640	2.403
116.008	2.407
116.362	2.412
116.717	2.412
116.965	2.416
116.965	2.427
117.213	2.427
117.213	2.433
117.213	2.438
117.571	2.444
117.571	2.448
117.571	2.451
118.194	2.457
118.445	2.463
118.822	2.463
119.185	2.468
119.185	2.472
119.185	2.478
119.185	2.483
119.549	2.483
119.549	2.489
119.801	2.495
120.167	2.495
120.167	2.500
120.167	2.506
120.533	2.506
120.533	2.512
120.901	2.512
121.286	2.516
121.286	2.520
122.044	2.520
122.044	2.531
122.790	2.531
122.790	2.537
123.181	2.543
123.181	2.548
123.181	2.554
123.181	2.558
123.181	2.562
123.557	2.562
123.934	2.562
123.934	2.566
124.328	2.566
124.328	2.570
124.723	2.570
125.104	2.570
125.269	2.584
125.503	2.576
125.886	2.580
126.285	2.584
126.671	2.590
126.671	2.596
126.671	2.602
127.057	2.602
127.057	2.608
127.851	2.608
128.122	2.608
128.394	2.608
129.194	2.612
129.589	2.618
129.984	2.624
129.984	2.628
130.260	2.628
130.260	2.634
130.260	2.640
130.537	2.640
130.537	2.646
130.952	2.652
131.352	2.658
131.753	2.658
132.155	2.658
132.155	2.664
132.574	2.664
132.574	2.670
132.979	2.670
133.385	2.670
133.385	2.676
133.792	2.683
134.201	2.683
134.896	2.693
135.308	2.693
135.721	2.697
136.009	2.703
136.009	2.709
136.297	2.715
136.297	2.722
136.713	2.722
137.131	2.722
137.549	2.726
137.969	2.732
138.390	2.738
138.813	2.738
138.813	2.742
139.237	2.749
139.532	2.749
139.532	2.755
139.958	2.761
140.385	2.767
140.814	2.773
140.814	2.780
141.111	2.780
141.111	2.786
141.542	2.786
141.974	2.792
142.275	2.799
142.275	2.803
143.145	2.803
143.582	2.809
143.582	2.816
144.020	2.822
144.479	2.822
145.381	2.829
145.825	2.829
146.133	2.829
146.443	2.835
147.065	2.840
147.514	2.846
147.964	2.846
148.416	2.853
148.869	2.853
149.323	2.859
149.799	2.866
149.799	2.872
150.256	2.872
150.256	2.879
151.033	2.883
151.494	2.883
151.494	2.890
152.440	2.896
152.906	2.896
153.086	2.902
153.372	2.896
153.372	2.903
153.841	2.903
154.310	2.907
154.781	2.914
155.254	2.914
155.583	2.920
155.913	2.920
155.913	2.925
156.244	2.925
156.721	2.925
157.199	2.925
157.199	2.930
157.679	2.930
159.693	2.930
161.053	2.943
161.545	2.943
161.545	2.948
162.038	2.948
162.532	2.948
163.048	2.954
163.546	2.961
163.893	2.966
165.461	2.980
165.988	2.980
166.495	2.980
166.495	2.987
167.003	2.987
167.513	2.987
167.513	2.991
168.024	2.991
168.537	2.998
169.052	2.998
169.590	3.005
170.128	3.012
170.647	3.019
171.691	3.026
172.055	3.026
172.055	3.032
172.100	3.039
172.603	3.032
172.603	3.021
172.626	3.039
173.152	3.039
173.681	3.039
173.681	3.045
174.211	3.045
174.949	3.045
175.506	3.052
176.437	3.052
176.975	3.052
177.515	3.052
178.057	3.052
178.057	3.059
178.435	3.059
178.980	3.066
179.526	3.066
179.907	3.073
180.480	3.073
181.031	3.073
182.138	3.073
182.522	3.078
182.909	3.078
183.679	3.085
183.857	3.078
185.005	3.085
185.398	3.085
186.532	3.085
186.925	3.085
187.322	3.085
187.719	3.090
188.292	3.097
189.268	3.097
189.846	3.104
190.425	3.104
191.006	3.104
191.412	3.112
192.582	3.112
193.398	3.119
193.988	3.119
193.988	3.126
195.821	3.126
198.115	3.134
198.533	3.134
199.139	3.134
199.985	3.134
200.595	3.134
201.848	3.141
202.465	3.148
203.107	3.148
204.186	3.148
204.809	3.148
206.307	3.155
207.593	3.155
208.034	3.155
208.034	3.162
209.555	3.162
211.337	3.170
211.982	3.170
215.148	3.170
215.830	3.170
216.489	3.170
217.409	3.170
218.809	3.190
219.228	3.170
219.228	3.177
219.897	3.177
220.569	3.182
221.740	3.182
223.596	3.190
224.784	3.190
225.470	3.190
225.949	3.197
226.665	3.197
228.535	3.197
229.020	3.197
230.237	3.197
232.440	3.202
232.931	3.202
234.914	3.202
239.686	3.209
241.183	3.217
242.430	3.217
244.235	3.217
244.980	3.217
246.247	3.217
247.555	3.217
248.080	3.217
248.837	3.217
250.359	3.217
251.656	3.224
252.424	3.224
252.424	3.232
254.743	3.232
257.966	3.232
258.754	3.232
259.300	3.232
261.473	3.232
263.138	3.232
265.097	3.232
267.599	3.232
268.726	3.216
270.446	3.232
272.424	3.232
275.615	3.232
277.333	3.232
279.066	3.232
280.251	3.232
281.107	3.232
284.325	3.232
285.798	3.232
287.583	3.232
293.114	3.224
295.293	3.224
297.768	3.224
299.981	3.224
303.817	3.224
304.744	3.224
305.582	3.216
305.675	3.224
308.560	3.224
309.870	3.224
310.816	3.224
312.464	3.217
315.417	3.209
317.425	3.202
318.098	3.202
319.746	3.195
322.422	3.195
323.449	3.195
323.888	3.208
324.436	3.195
324.823	3.197
328.807	3.211
328.988	3.208
329.505	3.211
330.200	3.211
330.731	3.208
331.208	3.211
331.433	3.208
331.911	3.211
332.445	3.208
333.150	3.208
335.938	3.208
336.651	3.208
338.395	3.208
339.113	3.208
341.232	3.208
341.951	3.208
343.108	3.216
343.723	3.208
344.452	3.208
345.504	3.208
346.237	3.208
346.971	3.208
348.031	3.208
348.765	3.208
349.830	3.208
350.572	3.208
352.388	3.208
353.136	3.208
353.885	3.208
356.091	3.208
356.847	3.208
359.880	3.199
360.979	3.191
362.081	3.184
362.849	3.179
365.116	3.179
365.116	3.171
365.890	3.171
367.007	3.171
367.782	3.171
368.904	3.171
370.030	3.167
371.948	3.167
372.737	3.167
373.875	3.159
374.668	3.152
377.853	3.152
377.853	3.145
379.811	3.145
383.395	3.137
384.209	3.137
385.382	3.137
386.026	3.150
387.019	3.137
387.019	3.132
389.024	3.132
391.035	3.132
391.864	3.125
395.516	3.125
397.986	3.121
399.201	3.121
402.169	3.113
403.022	3.113
403.877	3.113
405.110	3.113
406.395	3.106
410.182	3.099
411.434	3.099
412.690	3.092
414.828	3.092
417.027	3.092
419.687	3.085
420.573	3.085
421.465	3.085
422.751	3.085
424.042	3.085
425.336	3.080
428.503	3.080
430.718	3.080
432.090	3.073
433.409	3.073
434.732	3.068
437.447	3.068
438.783	3.061
441.466	3.061
442.813	3.056
443.753	3.056
445.108	3.050
447.408	3.050
447.408	3.043
450.203	3.043
451.577	3.035
453.015	3.035
454.398	3.028
455.362	3.028
456.323	3.028
456.323	3.024
457.291	3.017
458.747	3.017
460.208	3.012
463.022	3.005
464.141	3.019
464.435	2.998
465.853	2.991
467.275	2.991
468.261	2.985
468.261	2.980
469.691	2.980
471.124	2.980
471.124	2.973
474.129	2.973
475.639	2.973
476.643	2.967
480.191	2.960
481.715	2.960
483.185	2.960
484.660	2.953
486.140	2.953
486.140	2.946
487.624	2.946
489.176	2.939
493.276	2.935
501.168	2.928
501.168	2.923
502.764	2.923
502.764	2.917
504.298	2.917
505.368	2.917
506.971	2.910
509.598	2.905
509.598	2.899
511.154	2.899
512.714	2.894
512.714	2.888
514.280	2.888
515.849	2.888
516.944	2.881
518.522	2.881
518.522	2.874
520.105	2.870
521.208	2.870
522.799	2.870
523.909	2.865
525.508	2.865
525.508	2.861
527.175	2.861
529.906	2.854
529.906	2.848
531.030	2.842
532.651	2.842
533.392	2.850
534.277	2.835
535.909	2.835
537.544	2.829
539.185	2.829
540.330	2.829
540.330	2.822
541.979	2.822
543.129	2.816
544.852	2.810
546.586	2.803
548.255	2.797
550.001	2.797
551.680	2.790
553.364	2.790
555.053	2.790
556.814	2.784
557.995	2.778
559.772	2.778
561.481	2.778
561.481	2.772
563.195	2.765
566.113	2.761
567.841	2.761
567.841	2.755
569.574	2.748
571.313	2.748
573.057	2.742
574.807	2.736
574.807	2.730
576.561	2.730
577.778	2.730
577.778	2.724
579.542	2.724
581.311	2.724
581.311	2.719
583.085	2.719
584.865	2.719
584.865	2.713
586.651	2.713
588.442	2.713
590.238	2.707
592.040	2.701
593.847	2.701
595.107	2.695
595.107	2.689
596.924	2.689
598.746	2.689
598.746	2.683
600.574	2.677
601.848	2.677
601.848	2.671
603.764	2.671
605.607	2.665
607.456	2.665
609.383	2.659
609.947	2.644
611.243	2.653
611.243	2.647
613.109	2.647
614.981	2.641
616.939	2.635
618.823	2.635
618.823	2.629
620.793	2.629
622.688	2.629
622.688	2.625
624.671	2.625
626.578	2.619
628.491	2.619
628.491	2.615
630.409	2.615
630.409	2.609
631.739	2.609
633.668	2.603
633.668	2.599
635.602	2.593
637.543	2.593
637.543	2.587
639.489	2.581
639.489	2.576
641.441	2.576
641.441	2.570
643.399	2.570
643.399	2.564
645.363	2.564
647.333	2.558
649.309	2.558
649.309	2.553
651.292	2.547
653.280	2.547
653.280	2.541
654.666	2.541
656.664	2.536
658.669	2.530
660.680	2.530
660.680	2.524
662.696	2.519
664.719	2.513
666.749	2.513
668.163	2.509
668.163	2.503
670.203	2.503
670.203	2.498
672.249	2.498
672.249	2.492
672.249	2.487
673.675	2.487
673.675	2.481
673.675	2.475
675.732	2.475
677.795	2.475
677.795	2.472
678.098	2.484
679.233	2.472
681.306	2.466
683.386	2.466
683.386	2.461
684.828	2.461
687.008	2.449
689.105	2.449
691.300	2.444
695.618	2.444
697.742	2.444
697.742	2.438
699.872	2.438
702.008	2.433
702.008	2.427
704.151	2.427
704.151	2.421
706.301	2.421
706.301	2.416
706.301	2.411
708.457	2.411
712.789	2.407
712.789	2.401
714.965	2.401
717.147	2.396
717.147	2.391
720.185	2.378
724.356	2.369
726.567	2.369
726.567	2.364
726.567	2.358
728.785	2.358
731.010	2.353
731.010	2.348
733.242	2.348
733.242	2.343
734.797	2.343
734.797	2.337
737.041	2.332
739.291	2.332
739.291	2.327
741.547	2.322
743.120	2.322
743.120	2.318
745.389	2.318
745.389	2.313
747.664	2.313
749.947	2.308
749.947	2.302
752.236	2.302
752.236	2.297
754.533	2.292
756.134	2.292
756.134	2.287
758.442	2.282
760.042	2.282
760.042	2.277
761.655	2.277
761.655	2.272
763.980	2.272
763.980	2.267
765.600	2.267
767.938	2.261
770.282	2.261
770.282	2.256
771.053	2.271
771.916	2.253
774.273	2.248
774.273	2.244
776.636	2.239
776.636	2.236
778.284	2.231
779.926	2.226
779.926	2.222
782.307	2.222
783.967	2.219
785.630	2.215
785.630	2.212
788.028	2.212
788.028	2.207
790.434	2.207
790.434	2.202
792.951	2.202
792.951	2.197
797.154	2.192
799.587	2.182
799.587	2.177
804.582	2.172
807.038	2.162
808.750	2.159
810.466	2.159
810.466	2.154
812.176	2.154
814.762	2.149
814.762	2.144
817.249	2.144
819.851	2.136
824.963	2.131
827.481	2.131
827.481	2.126
827.481	2.122
830.008	2.122
832.650	2.113
833.374	2.117
835.302	2.113
835.302	2.108
835.302	2.104
840.519	2.100
843.085	2.097
843.085	2.094
844.864	2.089
847.443	2.089
847.443	2.084
847.443	2.081
850.030	2.081
850.030	2.078
855.340	2.075
858.063	2.070
858.063	2.065
859.884	2.062
862.509	2.054
864.328	2.050
864.328	2.045
867.080	2.040
869.841	2.040
869.841	2.036
872.611	2.036
874.452	2.028
876.307	2.025
876.307	2.020
878.982	2.020
878.982	2.017
880.847	2.017
880.847	2.014
883.536	2.014
885.411	2.006
888.114	2.006
888.114	1.999
892.715	1.996
895.547	1.991
897.447	1.988
897.447	1.983
900.186	1.983
902.934	1.979
902.934	1.974
905.691	1.974
906.355	1.990
908.574	1.965
911.457	1.958
914.239	1.958
914.239	1.955
920.070	1.951
923.000	1.938
925.928	1.938
925.928	1.935
928.755	1.935
930.725	1.927
933.566	1.924
933.566	1.920
936.416	1.920
936.416	1.917
939.275	1.913
942.266	1.909
945.142	1.904
948.027	1.900
948.027	1.897
950.039	1.894
952.939	1.890
954.949	1.887
954.949	1.883
956.975	1.883
960.022	1.874
960.022	1.870
962.953	1.866
964.996	1.866
968.057	1.861
968.057	1.857
971.013	1.853
973.977	1.853
973.977	1.849
973.977	1.845
977.078	1.845
977.078	1.842
979.151	1.842
979.151	1.839
982.140	1.835
982.140	1.831
983.790	1.827
985.138	1.831
987.228	1.828
987.228	1.824
990.242	1.824
990.242	1.820
990.242	1.815
993.265	1.811
995.373	1.811
995.373	1.806
998.411	1.802
1001.578	1.802
1001.578	1.797
1004.767	1.797
1004.767	1.795
1007.835	1.795
1007.835	1.790
1007.835	1.786
1011.044	1.786
1011.044	1.784
1014.251	1.784
1014.251	1.780
1014.251	1.776
1016.402	1.776
1016.402	1.772
1019.506	1.768
1019.506	1.764
1022.617	1.764
1022.617	1.761
1025.874	1.758
1029.005	1.758
1029.005	1.754
1029.005	1.751
1032.147	1.751
1035.299	1.748
1035.299	1.744
1037.494	1.740
1040.662	1.740
1040.662	1.736
1043.838	1.732
1043.838	1.728
1046.053	1.728
1046.053	1.724
1049.371	1.720
1052.713	1.716
1054.946	1.716
1054.946	1.712
1054.946	1.708
1058.167	1.708
1058.167	1.705
1060.412	1.705
1060.412	1.701
1062.649	1.698
1065.892	1.698
1065.892	1.694
1068.154	1.692
1072.283	1.686
1075.556	1.680
1078.839	1.676
1082.262	1.676
1082.262	1.672
1085.565	1.672
1085.565	1.669
1085.565	1.665
1088.309	1.675
1088.879	1.665
1088.879	1.662
1092.348	1.662
1092.348	1.659
1095.681	1.655
1095.681	1.652
1095.681	1.650
1099.027	1.646
1102.381	1.642
1102.381	1.639
1102.381	1.635
1104.720	1.635
1104.720	1.631
1111.475	1.624
1114.868	1.624
1114.868	1.621
1118.271	1.621
1118.271	1.618
1118.271	1.614
1121.685	1.614
1121.685	1.610
1124.065	1.607
1127.497	1.603
1127.497	1.600
1134.674	1.592
1138.139	1.589
1138.139	1.585
1141.762	1.583
1142.701	1.583
1145.384	1.583
1145.384	1.579
1148.881	1.579
1148.881	1.577
1152.387	1.573
1152.387	1.569
1154.833	1.569
1154.833	1.566
1158.359	1.562
1158.359	1.559
1161.894	1.559
1161.894	1.556
1161.894	1.553
1165.442	1.549
1169.152	1.546
1172.722	1.542
1172.722	1.539
1176.301	1.539
1176.301	1.535
1183.790	1.525
1190.079	1.519
1193.869	1.519
1197.513	1.516
1197.513	1.513
1197.513	1.510
1200.040	1.510
1203.703	1.504
1207.378	1.504
1207.378	1.500
1209.939	1.500
1209.939	1.497
1213.633	1.494
1213.633	1.490
1217.337	1.490
1217.337	1.487
1217.337	1.484
1221.101	1.472
1221.214	1.484
1224.941	1.484
1224.941	1.480
1236.666	1.473
1248.501	1.466
1252.312	1.463
1252.312	1.460
1252.312	1.456
1256.300	1.449
1260.302	1.442
1260.302	1.439
1260.302	1.436
1260.302	1.433
1260.302	1.429
1262.959	1.429
1262.959	1.426
1262.959	1.424
1262.959	1.421
1266.814	1.421
1270.848	1.414
1274.727	1.414
1274.727	1.411
1278.786	1.411
1282.690	1.408
1282.690	1.404
1286.606	1.404
1286.606	1.401
1290.533	1.398
1294.473	1.395
1298.427	1.395
1298.427	1.392
1301.179	1.390
1305.307	1.388
1305.307	1.384
1308.781	1.380
1313.289	1.384
1313.289	1.381
1313.289	1.378
1313.289	1.375
1317.471	1.372
1321.492	1.369
1325.527	1.369
1325.527	1.366
1328.339	1.366
1328.339	1.362
1332.394	1.356
1336.462	1.353
1340.541	1.350
1344.634	1.347
1344.634	1.344
1344.634	1.341
1348.738	1.339
1352.856	1.339
1352.856	1.336
1357.163	1.336
1357.163	1.334
1361.307	1.331
1361.307	1.328
1365.462	1.328
1365.462	1.325
1365.462	1.322
1369.631	1.322
1369.631	1.320
1369.631	1.317
1373.811	1.317
1373.811	1.315
1378.006	1.312
1378.006	1.309
1382.377	1.307
1386.599	1.307
1386.599	1.304
1386.599	1.301
1389.538	1.298
1393.781	1.295
1393.781	1.292
1396.715	1.288
1398.035	1.292
1398.035	1.289
1401.001	1.286
1401.001	1.283
1405.464	1.283
1409.753	1.281
1409.753	1.278
1414.057	1.278
1414.057	1.275
1418.542	1.275
1418.542	1.272
1418.542	1.269
1422.872	1.269
1427.012	1.258
1427.199	1.264
1427.199	1.253
1431.369	1.255
1431.556	1.250
1434.405	1.255
1435.926	1.250
1438.973	1.252
1438.973	1.249
1442.008	1.249
1442.008	1.247
1445.068	1.247
1445.068	1.245
1445.068	1.242
1449.479	1.242
1449.479	1.239
1449.479	1.236
1453.904	1.233
1456.989	1.233
1461.628	1.232
1461.628	1.230
1461.628	1.227
1466.090	1.227
1466.090	1.224
1470.565	1.224
1470.565	1.222
1475.055	1.219
1479.557	1.217
1479.557	1.214
1484.269	1.214
1487.400	1.211
1487.400	1.209
1491.941	1.209
1491.941	1.204
1496.495	1.201
1501.064	1.197
1505.646	1.192
1515.249	1.189
1518.067	1.185
1519.875	1.187
1519.875	1.184
1519.875	1.181
1524.515	1.181
1524.515	1.180
1529.169	1.180
1529.169	1.178
1533.837	1.175
1533.837	1.172
1538.520	1.172
1543.216	1.170
1543.216	1.167
1543.216	1.164
1547.927	1.164
1547.927	1.163
1551.212	1.160
1551.212	1.157
1554.484	1.157
1554.484	1.155
1559.229	1.155
1559.229	1.152
1563.989	1.150
1563.989	1.147
1568.763	1.147
1568.763	1.144
1568.763	1.142
1573.553	1.142
1573.553	1.139
1578.562	1.139
1578.562	1.137
1583.589	1.137
1583.589	1.135
1588.613	1.135
1588.613	1.131
1591.983	1.131
1596.843	1.129
1601.718	1.124
1606.817	1.122
1606.817	1.120
1610.227	1.118
1615.143	1.115
1615.143	1.113
1620.266	1.112
1625.212	1.112
1625.212	1.107
1630.387	1.105
1630.387	1.102
1630.387	1.100
1635.364	1.100
1635.364	1.098
1638.834	1.098
1638.834	1.095
1638.834	1.093
1644.052	1.090
1647.540	1.090
1647.540	1.088
1651.016	1.088
1651.016	1.086
1656.056	1.086
1656.056	1.083
1661.112	1.081
1661.112	1.078
1664.635	1.078
1664.635	1.076
1668.167	1.073
1673.260	1.073
1673.260	1.071
1676.810	1.068
1676.810	1.067
1681.929	1.067
1681.929	1.062
1685.499	1.059
1685.499	1.058
1690.642	1.058
1695.804	1.055
1695.804	1.053
1699.381	1.053
1699.381	1.051
1704.569	1.051
1704.569	1.049
1707.955	1.049
1709.997	1.047
1713.625	1.044
1713.625	1.042
1718.856	1.039
1718.856	1.037
1724.104	1.035
1729.366	1.035
1729.366	1.032
1739.941	1.030
1739.941	1.028
1745.253	1.028
1745.253	1.025
1745.253	1.023
1750.580	1.023
1750.580	1.021
1754.294	1.018
1765.021	1.012
1768.745	1.010
1768.745	1.008
1774.145	1.008
1774.145	1.004
1779.560	1.004
1779.560	1.002
1784.993	0.999
1784.993	0.998
1790.676	0.996
1802.098	0.991
1805.901	0.989
1805.901	0.988
1809.731	0.988
1809.731	0.983
1819.346	0.979
1825.117	0.976
1825.117	0.974
1830.688	0.974
1830.688	0.973
1830.688	0.971
1836.518	0.966
1842.365	0.966
1842.365	0.962
1842.365	0.960
1848.232	0.960
1848.232	0.958
1848.232	0.956
1859.999	0.953
1859.999	0.949
1865.676	0.949
1865.676	0.947
1865.676	0.945
1874.829	0.947
1875.565	0.942
1875.565	0.940
1875.565	0.939
1881.540	0.939
1881.540	0.937
1881.540	0.935
1887.528	0.933
1887.528	0.930
1893.291	0.930
1893.291	0.928
1899.070	0.928
1899.070	0.926
1904.868	0.924
1910.682	0.922
1914.737	0.919
1920.810	0.917
1920.810	0.915
1924.886	0.914
1928.969	0.912
1928.969	0.911
1928.969	0.909
1934.858	0.907
1941.018	0.907
1951.307	0.903
1955.447	0.901
1955.447	0.899
1955.447	0.897
1965.835	0.893
1978.351	0.889
1984.389	0.889
1984.389	0.888
1988.600	0.886
1998.902	0.882
2005.243	0.879
2009.498	0.879
2009.498	0.877
2009.498	0.875
2015.897	0.875
2022.291	0.871
2028.729	0.871
2028.729	0.869
2033.034	0.867
2039.241	0.865
2039.241	0.863
2049.269	0.863
2050.074	0.859
2054.399	0.857
2060.671	0.855
2073.543	0.852
2079.872	0.852
2084.285	0.848
2097.031	0.844
2103.708	0.840
2110.382	0.840
2110.382	0.839
2116.823	0.839
2116.823	0.837
2116.823	0.835
2127.790	0.832
2127.790	0.830
2134.286	0.830
2134.286	0.829
2138.814	0.827
2138.814	0.825
2143.351	0.822
2156.457	0.820
2156.457	0.818
2161.008	0.817
2161.008	0.815
2165.592	0.813
2172.203	0.810
2185.772	0.809
2185.772	0.807
2190.008	0.809
2190.410	0.805
2204.354	0.802
2204.354	0.800
2211.084	0.799
2211.084	0.797
2211.084	0.795
2217.833	0.793
2224.604	0.792
2224.604	0.790
2231.394	0.788
2236.129	0.786
2242.956	0.784
2242.956	0.783
2252.483	0.780
2259.628	0.778
2259.628	0.777
2266.527	0.777
2266.527	0.775
2266.527	0.773
2273.445	0.773
2280.685	0.770
2287.646	0.768
2294.631	0.767
2294.631	0.765
2301.635	0.765
2301.635	0.761
2301.635	0.760
2308.662	0.759
2308.662	0.757
2308.662	0.756
2316.011	0.756
2316.011	0.754
2316.011	0.752
2320.926	0.752
2320.926	0.751
2320.926	0.749
2328.012	0.749
2328.012	0.747
2332.923	0.747
2332.923	0.745
2340.044	0.744
2347.188	0.742
2347.188	0.741
2352.168	0.741
2352.168	0.739
2353.531	0.750
2357.157	0.739
2357.157	0.738
2364.354	0.738
2364.354	0.736
2371.571	0.735
2379.123	0.735
2379.123	0.733
2386.385	0.731
2386.385	0.730
2391.421	0.730
2391.421	0.729
2399.034	0.729
2399.034	0.727
2399.034	0.726
2406.359	0.726
2413.704	0.722
2418.825	0.722
2418.825	0.721
2421.073	0.722
2426.208	0.719
2426.208	0.717
2433.616	0.717
2433.616	0.716
2433.616	0.714
2441.048	0.714
2441.048	0.712
2441.048	0.711
2448.818	0.711
2448.818	0.709
2448.818	0.708
2456.585	0.708
2456.585	0.706
2464.086	0.705
2464.086	0.703
2464.086	0.701
2471.930	0.698
2479.802	0.698
2479.802	0.697
2486.898	0.695
2487.371	0.695
2487.371	0.693
2494.966	0.692
2494.966	0.690
2502.581	0.690
2502.581	0.689
2502.581	0.688
2510.520	0.688
2510.520	0.686
2510.520	0.685
2518.514	0.683
2518.514	0.681
2526.534	0.680
2526.534	0.678
2531.893	0.678
2531.893	0.677
2531.893	0.675
2548.013	0.674
2548.013	0.673
2548.013	0.671
2555.790	0.671
2563.593	0.671
2563.593	0.669
2571.422	0.669
2579.269	0.667
2579.269	0.666
2587.483	0.664
2587.483	0.662
2595.720	0.662
2595.720	0.661
2603.954	0.661
2603.954	0.659
2611.904	0.659
2611.904	0.658
2611.904	0.656
2619.877	0.655
2619.877	0.653
2628.219	0.652
2636.242	0.652
2636.242	0.651
2636.242	0.650
2644.291	0.650
2652.362	0.649
2652.362	0.646
2660.460	0.645
2660.460	0.643
2660.460	0.642
2668.930	0.642
2668.930	0.640
2685.570	0.637
2691.320	0.637
2699.483	0.634
2699.483	0.633
2708.080	0.633
2708.080	0.632
2708.080	0.630
2716.701	0.630
2716.701	0.629
2724.996	0.627
2724.996	0.625
2733.639	0.625
2733.639	0.624
2741.986	0.622
2741.986	0.621
2747.802	0.621
2747.802	0.620
2747.802	0.619
2753.632	0.617
2753.632	0.616
2753.632	0.615
2762.041	0.615
2779.292	0.612
2785.155	0.612
2785.155	0.611
2793.656	0.611
2802.552	0.607
2811.479	0.607
2817.440	0.605
2817.440	0.604
2817.440	0.603
2826.042	0.601
2834.668	0.598
2843.323	0.598
2852.002	0.597
2852.002	0.596
2852.002	0.594
2860.709	0.594
2860.709	0.594
2860.709	0.592
2878.202	0.591
2878.202	0.590
2884.273	0.589
2899.216	0.587
2917.708	0.583
2917.708	0.581
2923.865	0.581
2923.865	0.580
2923.865	0.579
2937.810	0.582
2939.397	0.577
2948.760	0.575
2958.111	0.574
2999.106	0.566
3017.840	0.564
3017.840	0.562
3017.840	0.561
3017.840	0.560
3017.840	0.559
3027.054	0.559
3027.054	0.558
3036.294	0.557
3036.294	0.554
3036.294	0.553
3045.963	0.553
3045.963	0.552
3065.355	0.550
3090.908	0.538
3094.693	0.543
3110.725	0.542
3110.725	0.540
3110.725	0.539
3120.222	0.538
3120.222	0.537
3150.085	0.533
3170.138	0.530
3170.138	0.528
3170.138	0.527
3170.138	0.526
3179.817	0.526
3179.817	0.525
3179.817	0.524
3186.564	0.524
3193.323	0.522
3213.653	0.517
3234.151	0.514
3234.151	0.513
3234.151	0.512
3244.025	0.512
3244.025	0.511
3244.025	0.510
3253.927	0.509
3253.927	0.508
3263.862	0.508
3263.862	0.505
3270.784	0.505
3270.784	0.504
3280.770	0.504
3280.770	0.503
3280.770	0.502
3280.770	0.501
3291.177	0.500
3291.177	0.499
3301.226	0.499
3301.226	0.498
3301.226	0.497
3329.328	0.493
3361.195	0.487
3368.285	0.486
3376.355	0.480
3379.014	0.484
3379.014	0.484
3389.325	0.484
3389.325	0.483
3396.517	0.483
3396.517	0.482
3396.517	0.480
3403.721	0.480
3403.721	0.479
3403.721	0.479
3410.943	0.479
3410.943	0.478
3418.138	0.477
3418.138	0.476
3418.138	0.474
3425.391	0.472
3425.391	0.471
3436.299	0.471
3436.299	0.471
3446.788	0.470
3457.311	0.470
3468.318	0.467
3468.318	0.466
3478.907	0.465
3478.907	0.465
3478.907	0.464
3489.526	0.463
3489.526	0.462
3500.595	0.462
3500.595	0.461
3500.595	0.460
3511.283	0.459
3529.936	0.458
3529.936	0.457
3541.177	0.456
3563.253	0.454
3563.253	0.453
3574.132	0.452
3574.132	0.451
3581.716	0.450
3587.947	0.447
3589.312	0.450
3589.312	0.449
3601.772	0.444
3610.315	0.442
3610.315	0.441
3621.812	0.441
3621.812	0.440
3621.812	0.439
3632.866	0.439
3632.866	0.438
3643.958	0.438
3643.958	0.437
3643.958	0.436
3646.474	0.433
3665.760	0.433
3688.175	0.429
3688.175	0.428
3699.917	0.427
3711.214	0.426
3711.214	0.425
3722.541	0.425
3722.541	0.424
3730.440	0.424
3730.440	0.423
3741.830	0.423
3741.830	0.422
3753.251	0.421
3753.251	0.420
3761.215	0.420
3761.215	0.419
3773.146	0.418
3773.146	0.417
3784.668	0.417
3784.668	0.417
3784.668	0.416
3796.217	0.416
3796.217	0.415
3796.217	0.414
3807.811	0.413
3819.430	0.412
3819.430	0.412
3827.535	0.412
3835.653	0.411
3835.653	0.410
3835.653	0.409
3835.653	0.408
3847.867	0.408
3847.867	0.407
3860.121	0.406
3860.121	0.404
3871.903	0.404
3871.903	0.403
3871.903	0.403
3883.725	0.403
3883.725	0.402
3883.725	0.401
3895.579	0.401
3895.579	0.400
3907.473	0.399
3907.473	0.398
3915.715	0.398
3915.715	0.397
3927.667	0.397
3927.667	0.397
3927.667	0.396
3939.659	0.396
3952.208	0.395
3952.208	0.394
3952.208	0.393
3952.208	0.392
3960.587	0.391
3960.587	0.391
3973.200	0.390
3973.200	0.389
3973.200	0.388
3985.803	0.388
3985.803	0.387
3985.803	0.386
3994.260	0.386
3994.260	0.386
3994.260	0.385
4006.452	0.384
4006.452	0.383
4018.684	0.383
4018.684	0.382
4028.246	0.380
4030.951	0.381
4039.504	0.380
4039.504	0.379
4039.504	0.379
4065.225	0.376
4065.225	0.375
4065.225	0.375
4065.225	0.374
4077.630	0.373
4090.615	0.372
4103.638	0.370
4103.638	0.369
4116.655	0.369
4116.655	0.368
4116.655	0.367
4129.765	0.366
4129.765	0.366
4151.703	0.363
4151.703	0.362
4151.703	0.361
4164.379	0.361
4164.379	0.361
4190.889	0.359
4190.889	0.358
4190.889	0.357
4204.234	0.357
4217.067	0.355
4217.067	0.354
4226.015	0.354
4226.015	0.353
4238.917	0.352
4238.917	0.351
4238.917	0.351
4251.856	0.350
4260.825	0.350
4288.002	0.349
4288.002	0.348
4297.100	0.348
4297.100	0.348
4306.165	0.347
4319.878	0.346
4333.634	0.346
4333.634	0.344
4333.634	0.344
4346.862	0.343
4360.133	0.342
4373.442	0.341
4373.442	0.340
4373.442	0.340
4387.315	0.340
4387.315	0.339
4400.710	0.339
4400.710	0.338
4414.720	0.337
4428.199	0.336
4428.199	0.335
4428.199	0.335
4428.199	0.334
4456.443	0.333
4459.042	0.331
4465.844	0.332
4479.479	0.331
4479.479	0.330
4479.479	0.330
4493.740	0.328
4508.050	0.327
4508.050	0.327
4517.615	0.326
4517.615	0.325
4517.615	0.325
4531.946	0.325
4531.946	0.324
4556.021	0.323
4584.479	0.320
4584.479	0.320
4598.480	0.320
4608.177	0.318
4637.569	0.317
4637.569	0.316
4651.725	0.316
4651.725	0.315
4651.725	0.315
4666.488	0.313
4681.340	0.310
4711.199	0.308
4711.199	0.308
4721.137	0.307
4721.137	0.307
4735.552	0.307
4735.552	0.306
4760.708	0.304
4775.869	0.302
4806.279	0.300
4812.722	0.300
4821.576	0.298
4836.297	0.298
4836.297	0.298
4836.297	0.297
4836.297	0.297
4836.297	0.295
4851.638	0.295
4882.583	0.292
4924.091	0.289
4924.091	0.289
4924.091	0.288
4924.091	0.287
4939.771	0.287
4939.771	0.287
4954.849	0.287
4954.849	0.286
4970.566	0.286
4970.566	0.285
4970.566	0.285
4985.742	0.285
4996.321	0.283
5012.228	0.283
5060.198	0.279
5087.083	0.278
5087.083	0.278
5087.083	0.277
5097.814	0.277
5097.814	0.276
5097.814	0.276
5108.631	0.276
5108.631	0.275
5108.631	0.275
5108.631	0.274
5124.224	0.274
5143.112	0.273
5143.112	0.272
5154.025	0.271
5154.025	0.271
5170.434	0.271
5170.434	0.270
5186.834	0.269
5202.671	0.269
5202.671	0.269
5219.234	0.269
5219.234	0.268
5235.169	0.268
5235.169	0.267
5251.148	0.267
5251.148	0.266
5251.148	0.266
5251.148	0.265
5267.871	0.265
5267.871	0.265
5284.581	0.264
5284.581	0.263
5284.581	0.263
5300.715	0.262
5300.715	0.261
5316.895	0.260
5328.176	0.260
5328.176	0.259
5344.439	0.259
5344.439	0.258
5344.439	0.258
5361.459	0.257
5377.824	0.257
5394.243	0.256
5394.243	0.255
5410.717	0.255
5422.188	0.254
5422.188	0.254
5438.743	0.253
5438.743	0.252
5455.995	0.251
5455.995	0.251
5473.365	0.251
5473.365	0.250
5484.979	0.250
5484.979	0.249
5484.979	0.249
5501.725	0.248
5501.725	0.248
5515.011	0.249
5519.241	0.247
5536.092	0.246
5536.092	0.245
5536.092	0.245
5536.092	0.245
5552.990	0.245
5552.990	0.244
5569.944	0.243
5586.945	0.243
5586.945	0.243
5604.002	0.242
5604.002	0.242
5621.107	0.241
5621.107	0.241
5632.975	0.241
5632.975	0.240
5632.975	0.240
5632.975	0.239
5644.917	0.239
5644.917	0.238
5662.152	0.238
5662.152	0.237
5680.179	0.237
5697.521	0.237
5697.521	0.236
5715.660	0.235
5733.800	0.234
5751.296	0.234
5751.296	0.234
5751.296	0.233
5787.222	0.233
5787.222	0.232
5787.222	0.232
5804.891	0.232
5804.891	0.231
5822.609	0.230
5834.964	0.230
5834.964	0.229
5834.964	0.229
5834.964	0.228
5853.541	0.228
5853.541	0.227
5853.541	0.227
5853.541	0.226
5871.412	0.226
5889.333	0.225
5889.333	0.225
5901.762	0.224
5914.279	0.224
5932.336	0.223
5932.336	0.223
5932.336	0.222
5950.444	0.222
5950.444	0.222
5968.611	0.221
5986.830	0.220
5986.830	0.220
6005.895	0.219
6037.729	0.217
6056.159	0.217
6056.159	0.217
6056.159	0.216
6056.159	0.216
6066.166	0.217
6075.444	0.215
6075.444	0.215
6094.786	0.215
6094.786	0.214
6113.395	0.214
6113.395	0.214
6113.395	0.213
6152.316	0.212
6152.316	0.211
6165.366	0.211
6165.366	0.211
6165.366	0.210
6184.999	0.209
6204.618	0.209
6217.784	0.208
6217.784	0.208
6230.972	0.208
6270.642	0.206
6303.954	0.205
6303.954	0.205
6303.954	0.204
6303.954	0.204
6324.028	0.203
6344.088	0.202
6364.291	0.202
6398.100	0.201
6398.100	0.201
6398.100	0.200
6417.629	0.200
6417.629	0.200
6417.629	0.199
6437.223	0.199
6486.897	0.198
6497.980	0.197
6553.231	0.195
6553.231	0.195
6553.231	0.194
6573.228	0.194
6573.228	0.194
6573.228	0.194
6593.297	0.194
6593.297	0.193
6614.288	0.193
6614.288	0.192
6628.322	0.192
6628.322	0.192
6649.348	0.192
6649.348	0.191
6712.190	0.188
6726.427	0.188
6746.963	0.188
6746.963	0.187
6768.365	0.187
6768.365	0.186
6768.365	0.186
6768.365	0.186
6768.365	0.185
6789.914	0.184
6876.726	0.181
6898.625	0.180
6898.625	0.180
6913.177	0.180
6913.177	0.179
6913.177	0.179
6927.846	0.179
6949.902	0.178
6994.149	0.178
7016.422	0.178
7016.422	0.178
7016.422	0.177
7031.304	0.177
7031.304	0.177
7031.304	0.177
7031.304	0.176
7097.668	0.174
7196.038	0.171
7216.737	0.169
7218.954	0.170
7218.954	0.170
7218.954	0.170
7218.954	0.169
7234.265	0.169
7234.265	0.169
7234.265	0.169
7234.265	0.168
7234.265	0.167
7285.265	0.167
7300.723	0.166
7316.124	0.165
7326.675	0.164
7326.675	0.163
7338.461	0.165
7338.461	0.164
7338.461	0.164
7342.215	0.163
7361.824	0.164
7361.824	0.164
7361.824	0.164
7365.596	0.163
7385.268	0.163
7388.090	0.163
7403.754	0.163
7403.754	0.163
7408.694	0.163
7431.308	0.163
7453.997	0.163
7453.997	0.162
7476.761	0.162
7476.761	0.161
7499.576	0.161
7499.576	0.161
7499.576	0.160
7522.479	0.160
7522.479	0.160
7545.434	0.159
7545.434	0.159
7545.434	0.159
7568.471	0.158
7568.471	0.158
7591.573	0.157
7591.573	0.157
7614.751	0.157
7637.993	0.157
7637.993	0.156
7637.993	0.156
7662.316	0.156
7662.316	0.156
7662.316	0.155
7685.704	0.155
7685.704	0.154
7685.704	0.154
7685.704	0.154
7702.012	0.154
7702.012	0.153
7702.012	0.153
7725.521	0.152
7750.123	0.151
7774.707	0.150
7774.707	0.150
7798.444	0.150
7798.444	0.150
7814.984	0.150
7814.984	0.150
7839.871	0.150
7864.831	0.149
7889.792	0.148
7889.792	0.148
7914.903	0.148
7914.903	0.148
7914.903	0.148
7940.108	0.146
7965.294	0.145
7965.294	0.145
7972.316	0.147
8016.099	0.144
8016.099	0.144
8041.620	0.144
8041.620	0.144
8067.135	0.144
8067.135	0.144
8084.246	0.144
8109.990	0.143
8109.990	0.143
8135.715	0.143
8135.715	0.143
8152.978	0.142
8231.007	0.141
8248.472	0.141
8248.472	0.141
8248.472	0.140
8265.967	0.140
8265.967	0.140
8265.967	0.140
8265.967	0.139
8318.594	0.139
8370.556	0.138
8396.112	0.138
8396.112	0.138
8396.112	0.137
8413.921	0.137
8440.715	0.136
8494.461	0.136
8494.461	0.136
8494.461	0.135
8521.497	0.135
8547.514	0.135
8600.800	0.134
8600.800	0.134
8600.800	0.134
8653.392	0.133
8653.392	0.133
8679.812	0.133
8679.812	0.132
8679.812	0.132
8707.445	0.132
8707.445	0.132
8735.174	0.131
8735.174	0.131
8735.174	0.131
8762.983	0.131
8762.983	0.130
8790.787	0.130
8790.787	0.130
8806.394	0.129
8833.273	0.128
8833.273	0.128
8861.403	0.128
8888.458	0.128
8888.458	0.127
8915.589	0.127
8915.589	0.127
8934.506	0.127
8934.506	0.126
8953.456	0.126
8953.456	0.126
8953.456	0.126
8980.793	0.126
8980.793	0.125
9035.708	0.125
9063.295	0.125
9063.295	0.125
9092.045	0.124
9092.045	0.124
9092.045	0.124
9119.796	0.123
9119.796	0.123
9119.796	0.123
9148.838	0.122
9148.838	0.122
9148.838	0.122
9148.838	0.122
9174.609	0.121
9177.965	0.122
9177.965	0.121
9236.397	0.121
9236.397	0.121
9264.590	0.120
9264.590	0.120
9264.590	0.120
9294.093	0.120
9294.093	0.119
9294.093	0.119
9294.093	0.119
9322.469	0.119
9322.469	0.118
9322.469	0.118
9350.924	0.118
9350.924	0.118
9350.924	0.118
9350.924	0.117
9379.474	0.117
9379.474	0.117
9379.474	0.117
9409.226	0.116
9409.226	0.116
9409.226	0.116
9437.945	0.116
9437.945	0.116
9437.945	0.115
9468.001	0.115
9468.001	0.115
9498.144	0.114
9527.143	0.114
9527.143	0.114
9527.143	0.113
9527.143	0.113
9556.223	0.113
9556.223	0.113
9556.223	0.112
9586.653	0.112
9586.653	0.112
9646.426	0.112
9646.426	0.112
9677.137	0.112
9677.137	0.111
9677.137	0.111
9707.953	0.111
9728.544	0.111
9728.544	0.111
9758.246	0.111
9758.246	0.110
9789.200	0.110
9820.374	0.109
9820.374	0.109
9820.374	0.109
9851.639	0.108
9851.639	0.108
9851.639	0.108
9882.889	0.108
9882.889	0.108
9882.889	0.107
9903.858	0.107
9922.463	0.107
9924.873	0.107
9924.873	0.107
9924.873	0.107
9956.471	0.106
9977.474	0.106
9977.474	0.106
9977.474	0.106
10007.936	0.106
10007.936	0.106
10038.500	0.106
10038.500	0.106
10059.783	0.105
10113.224	0.104
10166.830	0.103
10188.403	0.103
10188.403	0.103
10188.403	0.103
10188.403	0.102
10219.518	0.102
10219.518	0.102
10219.518	0.102
10219.518	0.102
10250.702	0.101
10250.702	0.101
10281.999	0.101
10281.999	0.101
10281.999	0.101
10347.580	0.100
10435.547	0.100
10435.547	0.099
10435.547	0.099
10467.408	0.099
10467.408	0.099
10499.358	0.099
10499.358	0.098
10499.358	0.098
10532.663	0.098
10599.843	0.097
10599.843	0.097
10618.066	0.096
10701.298	0.096
10723.996	0.096
10723.996	0.095
10756.738	0.095
10756.738	0.095
10756.738	0.095
10789.570	0.095
10805.513	0.094
10874.308	0.093
10907.500	0.093
10907.500	0.093
10940.802	0.093
10940.802	0.093
10974.196	0.093
10974.196	0.093
10974.196	0.093
11007.702	0.093
11007.702	0.092
11007.702	0.092
11007.702	0.092
11007.702	0.092
11041.301	0.092
11041.301	0.092
11041.301	0.091
11075.012	0.091
11075.012	0.091
11075.012	0.091
11108.834	0.091
11108.834	0.091
11132.387	0.090
11166.376	0.090
11166.376	0.090
11166.376	0.090
11166.376	0.090
11200.459	0.090
11200.459	0.090
11234.655	0.089
11234.655	0.089
11234.655	0.089
11268.947	0.089
11268.947	0.089
11268.947	0.088
11268.947	0.088
11292.858	0.088
11292.858	0.088
11292.858	0.087
11292.858	0.087
11316.820	0.087
11316.820	0.087
11316.820	0.087
11352.849	0.086
11352.849	0.086
11387.511	0.086
11422.269	0.086
11422.269	0.086
11457.143	0.086
11457.143	0.086
11492.113	0.086
11492.113	0.085
11528.567	0.085
11528.567	0.085
11563.766	0.085
11563.766	0.085
11600.600	0.084
11600.600	0.084
11635.998	0.084
11635.998	0.084
11635.998	0.083
11673.053	0.083
11673.053	0.083
11697.812	0.083
11697.812	0.083
11733.526	0.083
11733.526	0.083
11769.341	0.083
11769.341	0.083
11806.674	0.082
11806.674	0.082
11842.722	0.082
11842.722	0.082
11842.722	0.082
11878.869	0.081
11878.869	0.081
11878.869	0.081
11916.697	0.081
11916.697	0.081
11916.697	0.081
11916.697	0.081
11941.982	0.080
11941.982	0.080
11978.434	0.080
12015.005	0.080
12040.489	0.080
12040.489	0.080
12040.489	0.080
12040.489	0.079
12077.250	0.079
12077.250	0.079
12115.561	0.079
12115.561	0.079
12115.561	0.079
12133.552	0.080
12141.268	0.079
12141.268	0.078
12167.040	0.078
12167.040	0.078
12204.167	0.078
12204.167	0.078
12230.062	0.077
12230.062	0.077
12255.862	0.077
12255.862	0.077
12294.891	0.077
12294.891	0.077
12332.418	0.077
12332.418	0.077
12358.586	0.077
12358.586	0.076
12384.799	0.076
12384.799	0.076
12384.799	0.076
12424.095	0.076
12463.648	0.075
12463.648	0.075
12501.701	0.075
12541.503	0.075
12541.503	0.075
12541.503	0.075
12607.980	0.075
12648.131	0.074
12688.397	0.074
12688.397	0.074
12688.397	0.074
12728.804	0.073
12769.181	0.073
12769.181	0.073
12769.181	0.073
12809.833	0.073
12809.833	0.073
12850.626	0.072
12891.389	0.072
12891.389	0.072
12891.389	0.072
12932.441	0.072
12932.441	0.072
12971.915	0.072
12971.915	0.071
12971.915	0.071
12971.915	0.071
13011.520	0.071
13052.944	0.071
13094.349	0.071
13122.598	0.070
13136.048	0.071
13136.048	0.070
13136.048	0.070
13136.048	0.070
13177.868	0.070
13247.720	0.069
13316.373	0.069
13316.373	0.069
13358.757	0.069
13358.757	0.069
13387.102	0.068
13429.567	0.068
13429.567	0.068
13429.567	0.068
13429.567	0.068
13472.322	0.068
13472.322	0.068
13515.225	0.068
13515.225	0.067
13515.225	0.067
13556.499	0.067
13599.647	0.067
13773.355	0.066
13802.580	0.066
13846.534	0.065
13846.534	0.065
13846.534	0.065
13890.617	0.065
13890.617	0.065
13934.679	0.064
13934.679	0.064
13934.679	0.064
13934.679	0.064
13977.224	0.064
13977.224	0.064
14006.881	0.064
14006.881	0.064
14006.881	0.064
14051.474	0.063
14096.221	0.063
14102.433	0.064
14185.955	0.063
14336.933	0.062
14367.329	0.062
14367.329	0.062
14367.329	0.062
14367.329	0.062
14367.329	0.061
14367.329	0.061
14411.194	0.061
14411.194	0.061
14411.194	0.061
14411.194	0.061
14502.934	0.060
14549.118	0.060
14595.462	0.060
14595.462	0.060
14595.462	0.060
14641.747	0.060
14686.438	0.060
14686.438	0.059
14686.438	0.059
14731.278	0.059
14731.278	0.059
14762.523	0.059
14762.523	0.059
14809.534	0.059
14809.534	0.059
14809.534	0.059
14840.958	0.059
14840.958	0.058
14888.035	0.058
14888.035	0.058
14888.035	0.058
14922.636	0.058
14933.478	0.058
14968.196	0.058
14968.196	0.058
15013.884	0.058
15013.884	0.058
15013.884	0.057
15045.741	0.057
15045.741	0.057
15045.741	0.057
15045.741	0.057
15091.690	0.057
15091.690	0.057
15091.690	0.057
15139.725	0.057
15171.661	0.057
15171.661	0.057
15171.661	0.056
15217.982	0.056
15217.982	0.056
15266.431	0.056
15266.431	0.056
15315.047	0.056
15315.047	0.056
15315.047	0.056
15315.047	0.056
15347.543	0.055
15347.543	0.055
15379.918	0.055
15379.918	0.055
15426.862	0.055
15426.862	0.055
15459.596	0.055
15459.596	0.055
15459.596	0.055
15506.796	0.054
15506.796	0.054
15506.796	0.054
15554.128	0.054
15603.659	0.054
15653.336	0.054
15653.336	0.054
15653.336	0.054
15701.127	0.054
15701.127	0.054
15701.127	0.053
15750.933	0.053
15750.933	0.053
15801.104	0.053
15834.228	0.053
15849.321	0.053
15849.321	0.053
15897.724	0.053
15897.724	0.053
15897.724	0.052
15931.431	0.052
15931.431	0.052
15965.234	0.052
15965.234	0.052
15965.234	0.052
16015.878	0.052
16015.878	0.052
16015.878	0.052
16118.031	0.052
16118.031	0.051
16167.241	0.051
16216.589	0.051
16266.101	0.051
16266.101	0.051
16315.749	0.051
16365.563	0.051
16365.563	0.051
16365.563	0.051
16417.666	0.050
16417.666	0.050
16452.312	0.050
16452.312	0.050
16502.529	0.050
16502.529	0.050
16552.914	0.050
16552.914	0.050
16552.914	0.050
16552.914	0.050
16605.613	0.050
16605.613	0.049
16605.613	0.049
16640.848	0.049
16640.848	0.049
16691.641	0.049
16691.641	0.049
16691.641	0.049
16691.641	0.049
16744.795	0.049
16744.795	0.049
16744.795	0.048
16780.117	0.048
16780.117	0.048
16780.117	0.048
16831.350	0.048
16831.350	0.048
16882.723	0.048
16936.486	0.048
16936.486	0.048
16988.182	0.048
16988.182	0.048
16988.182	0.047
17042.279	0.047
17042.279	0.047
17042.279	0.047
17094.299	0.047
17094.299	0.047
17094.299	0.047
17102.084	0.047
17130.570	0.047
17130.570	0.047
17182.871	0.047
17182.871	0.047
17182.871	0.047
17182.871	0.047
17182.871	0.047
17235.318	0.046
17289.990	0.046
17289.990	0.046
17342.779	0.046
17342.779	0.046
17342.779	0.046
17342.779	0.046
17379.564	0.046
17434.908	0.046
17471.902	0.046
17471.902	0.045
17471.902	0.045
17508.760	0.045
17562.230	0.045
17562.230	0.045
17562.230	0.045
17618.127	0.045
17671.918	0.045
17671.918	0.045
17671.918	0.044
17728.180	0.044
17782.307	0.044
17782.307	0.044
17782.307	0.044
17820.023	0.044
17857.629	0.044
17857.629	0.044
17912.135	0.044
17912.135	0.044
17969.176	0.043
18024.023	0.043
18024.023	0.043
18081.420	0.043
18138.986	0.043
18196.523	0.043
18196.523	0.043
18196.523	0.042
18210.615	0.043
18252.080	0.042
18310.219	0.042
18368.496	0.042
18368.496	0.042
18368.496	0.042
18407.473	0.042
18407.473	0.042
18407.473	0.042
18463.656	0.042
18463.656	0.042
18463.656	0.042
18520.029	0.041
18520.029	0.041
18576.559	0.041
18633.275	0.041
18692.381	0.041
18692.381	0.041
18692.381	0.041
18732.043	0.041
18791.680	0.041
18791.680	0.041
18851.289	0.041
18951.447	0.040
18991.643	0.040
19051.887	0.040
19051.887	0.040
19173.420	0.040
19173.420	0.040
19231.943	0.040
19231.943	0.039
19272.750	0.039
19374.908	0.039
19498.486	0.038
19599.291	0.038
19599.291	0.038
19599.291	0.038
19661.674	0.038
19661.674	0.038
19703.393	0.038
19891.965	0.038
20018.609	0.037
20018.609	0.037
20018.609	0.037
20018.609	0.037
20082.342	0.037
20129.992	0.037
20210.432	0.036
20210.432	0.036
20272.139	0.036
20334.014	0.036
20334.014	0.036
20396.098	0.036
20460.795	0.036
20460.795	0.036
20525.951	0.036
20656.617	0.035
20766.385	0.035
20766.385	0.035
20766.385	0.035
20766.385	0.035
20832.480	0.035
20832.480	0.035
20876.426	0.035
20920.723	0.035
20965.113	0.034
21031.857	0.034
21098.572	0.034
21098.572	0.034
21162.990	0.034
21227.586	0.034
21227.586	0.034
21227.586	0.034
21340.369	0.034
21476.219	0.033
21541.789	0.033
21541.789	0.033
21587.496	0.033
21587.496	0.033
21653.389	0.033
21653.389	0.033
21791.500	0.033
21860.623	0.033
21860.623	0.033
21860.623	0.033
21927.367	0.033
21973.895	0.033
21973.895	0.032
22043.852	0.032
22184.197	0.032
22254.824	0.032
22254.824	0.032
22322.770	0.032
22322.770	0.032
22322.770	0.032
22322.770	0.031
22393.838	0.031
22536.412	0.031
22608.178	0.031
22608.178	0.031
22608.178	0.031
22677.186	0.031
22677.186	0.031
22749.119	0.031
22749.119	0.030
22818.576	0.030
22818.576	0.030
22888.225	0.030
22961.111	0.030
23034.250	0.030
23034.250	0.030
23104.539	0.030
23104.539	0.030
23151.084	0.030
23153.562	0.030
23153.562	0.030
23224.234	0.030
23297.904	0.029
23372.096	0.029
23372.096	0.029
23443.434	0.029
23443.434	0.029
23515.010	0.029
23515.010	0.029
23586.785	0.029
23586.785	0.029
23661.896	0.029
23661.896	0.028
23734.158	0.028
23734.158	0.028
23806.582	0.028
23806.582	0.028
23857.098	0.028
23929.916	0.028
23980.436	0.028
24056.762	0.028
24133.369	0.028
24133.369	0.028
24133.369	0.028
24133.369	0.028
24210.201	0.028
24210.201	0.028
24261.271	0.028
24338.531	0.027
24338.531	0.027
24338.531	0.027
24416.037	0.027
24416.037	0.027
24493.486	0.027
24571.465	0.027
24728.188	0.027
24728.188	0.027
24851.875	0.027
24904.586	0.026
25059.863	0.026
25059.863	0.026
25139.666	0.026
25139.666	0.026
25216.400	0.026
25216.400	0.026
25293.389	0.026
25370.592	0.026
25451.385	0.025
25451.385	0.025
25532.119	0.025
25532.119	0.025
25532.119	0.025
25586.293	0.025
25586.293	0.025
25586.293	0.025
25664.391	0.025
25746.119	0.025
25788.535	0.025
25824.703	0.025
25903.551	0.025
25958.492	0.024
26013.572	0.024
26013.572	0.024
26092.996	0.024
26092.996	0.024
26092.996	0.024
26172.639	0.024
26227.850	0.024
26227.850	0.024
26283.502	0.024
26367.201	0.024
26423.127	0.024
26423.127	0.024
26506.941	0.024
26587.871	0.024
26672.562	0.023
26672.562	0.023
26672.562	0.023
26672.562	0.023
26842.332	0.023
26842.332	0.023
26899.289	0.023
26984.926	0.023
26984.926	0.023
26984.926	0.023
27067.314	0.023
27067.314	0.023
27153.510	0.023
27153.510	0.023
27153.510	0.023
27210.789	0.023
27210.789	0.023
27210.789	0.023
27210.789	0.022
27293.846	0.022
27377.176	0.022
27377.176	0.022
27377.176	0.022
27435.268	0.022
27435.268	0.022
27435.268	0.022
27522.611	0.022
27522.611	0.022
27639.557	0.022
27639.557	0.022
27723.898	0.022
27723.898	0.022
27808.543	0.022
27808.543	0.022
27808.543	0.022
27808.543	0.022
27808.543	0.021
27808.543	0.021
27808.543	0.021
27808.543	0.021
27808.543	0.021
27896.754	0.021
27981.902	0.021
27981.902	0.021
28067.336	0.021
28067.336	0.021
28126.867	0.021
28126.867	0.021
28126.867	0.021
28276.307	0.021
28276.307	0.021
28276.307	0.021
28456.309	0.021
28546.928	0.021
28637.480	0.021
28728.676	0.020
28728.676	0.020
28728.676	0.020
28728.676	0.020
28728.676	0.020
28728.676	0.020
28728.676	0.020
28816.365	0.020
29092.154	0.020
29246.723	0.020
29335.992	0.020
29335.992	0.020
29335.992	0.020
29335.992	0.020
29335.992	0.020
29522.766	0.020
29522.766	0.020
29612.877	0.020
29612.877	0.020
29766.340	0.019
29766.340	0.019
29857.172	0.019
29857.172	0.019
29952.250	0.019
29952.250	0.019
30142.922	0.019
30142.922	0.019
30142.922	0.019
30142.922	0.019
30335.182	0.019
30427.799	0.019
30427.799	0.019
30524.318	0.019
30686.471	0.019
30783.811	0.018
30917.564	0.018
30986.816	0.018
31147.348	0.018
31147.348	0.018
31147.348	0.018
31246.535	0.018
31341.910	0.018
31408.025	0.018
31412.137	0.018
31474.668	0.018
31508.043	0.018
31574.898	0.018
31608.354	0.018
31608.354	0.018
31775.898	0.018
31775.898	0.018
31872.914	0.018
31970.201	0.017
31970.201	0.017
31970.201	0.017
32038.037	0.017
32038.037	0.017
32140.061	0.017
32140.061	0.017
32242.383	0.017
32242.383	0.017
32344.660	0.017
32344.660	0.017
32344.660	0.017
32550.961	0.017
32650.344	0.017
32650.344	0.017
32650.344	0.017
32750.004	0.017
32750.004	0.017
32750.004	0.017
32849.992	0.017
32919.289	0.017
32919.289	0.017
32919.289	0.017
33019.797	0.017
33120.582	0.017
33120.582	0.017
33190.859	0.016
33190.859	0.016
33296.582	0.016
33296.582	0.016
33398.188	0.016
33398.188	0.016
33398.188	0.016
33504.543	0.016
33606.809	0.016
33606.809	0.016
33606.809	0.016
33606.809	0.016
33709.414	0.016
33709.414	0.016
33709.414	0.016
33709.414	0.016
33812.305	0.016
33812.305	0.016
33915.539	0.016
33915.539	0.016
33915.539	0.016
34019.059	0.016
34122.926	0.016
34122.926	0.016
34122.926	0.016
34227.078	0.016
34299.703	0.016
34299.703	0.016
34299.703	0.015
34372.059	0.015
34372.059	0.015
34444.988	0.015
34550.125	0.015
34550.125	0.015
34655.613	0.015
34655.613	0.015
34765.945	0.015
34872.090	0.015
34872.090	0.015
34978.531	0.015
35085.324	0.015
35085.324	0.015
35192.473	0.015
35416.473	0.015
35755.430	0.015
35755.430	0.015
35755.430	0.015
35864.594	0.015
35940.695	0.015
35940.695	0.015
36050.395	0.015
36050.395	0.015
36050.395	0.015
36050.395	0.015
36050.395	0.015
36050.395	0.014
36165.199	0.014
36165.199	0.014
36280.336	0.014
36280.336	0.014
36280.336	0.014
36356.926	0.014
36356.926	0.014
36467.871	0.014
36467.871	0.014
36467.871	0.014
36661.598	0.014
36778.344	0.014
37012.500	0.014
37125.473	0.014
37125.473	0.014
37243.699	0.014
37243.699	0.014
37243.699	0.014
37243.699	0.014
37243.699	0.014
37361.836	0.014
37361.836	0.014
37361.836	0.014
37475.879	0.014
37475.879	0.014
37735.629	0.014
37975.816	0.014
37975.816	0.013
37975.816	0.013
38096.750	0.013
38096.750	0.013
38192.113	0.013
38213.031	0.013
38213.031	0.013
38294.113	0.013
38294.113	0.013
38411.000	0.013
38411.000	0.013
38528.273	0.013
38610.023	0.013
38727.875	0.013
38803.625	0.013
38846.117	0.013
38846.117	0.013
38969.340	0.013
38969.340	0.013
39088.285	0.013
39207.625	0.013
39207.625	0.013
39290.820	0.013
39410.746	0.013
39410.746	0.013
39531.074	0.013
39614.922	0.013
39735.871	0.013
39735.871	0.013
39735.871	0.013
39857.156	0.013
39984.078	0.013
39984.078	0.013
40110.914	0.013
40110.914	0.013
40238.645	0.013
40238.645	0.012
40323.992	0.012
40323.992	0.012
40452.402	0.012
40452.402	0.012
40452.402	0.012
40575.875	0.012
40704.586	0.012
40704.586	0.012
40964.242	0.012
40964.242	0.012
41089.277	0.012
41214.730	0.012
41345.465	0.012
41471.664	0.012
41471.664	0.012
41471.664	0.012
41471.664	0.012
41603.730	0.012
41603.730	0.012
41603.730	0.012
41603.730	0.012
41692.043	0.012
41780.438	0.012
41912.969	0.012
42001.902	0.012
42135.656	0.012
42264.266	0.012
42488.297	0.012
42488.297	0.012
42488.297	0.012
42488.297	0.012
42623.633	0.012
42623.633	0.012
42753.699	0.012
42753.699	0.012
42889.848	0.012
43020.762	0.012
43152.109	0.012
43152.109	0.011
43152.109	0.011
43289.488	0.011
43426.809	0.011
43426.809	0.011
43565.098	0.011
43703.793	0.011
43703.793	0.011
43837.227	0.011
43971.031	0.011
44250.980	0.011
44391.898	0.011
44391.898	0.011
44391.898	0.011
44527.395	0.011
44600.641	0.011
44736.777	0.011
44879.238	0.011
44879.238	0.011
44974.430	0.011
44974.430	0.011
45117.094	0.011
45254.840	0.011
45254.840	0.011
45254.840	0.011
45392.973	0.011
45392.973	0.011
45531.562	0.011
45531.562	0.011
45531.562	0.011
45531.562	0.011
45670.613	0.011
45670.613	0.011
45670.613	0.011
45815.977	0.011
45913.191	0.011
45913.191	0.010
46058.832	0.010
46058.832	0.010
46205.465	0.010
46205.465	0.010
46352.605	0.010
46352.605	0.010
46494.164	0.010
46636.043	0.010
46734.996	0.010
46877.645	0.010
46877.645	0.010
46977.113	0.010
47120.500	0.010
47120.500	0.010
47264.367	0.010
47264.367	0.010
47408.711	0.010
47408.711	0.010
47508.680	0.010
47508.680	0.010
47609.445	0.010
47609.445	0.010
47710.465	0.010
47862.398	0.010
47963.363	0.010
47963.363	0.010
48116.102	0.010
48116.102	0.010
48262.969	0.010
48262.969	0.010
48262.969	0.010
48410.320	0.010
48410.320	0.009
48558.082	0.009
48558.082	0.009
48558.082	0.009
48712.715	0.009
48712.715	0.009
48712.715	0.009
48712.715	0.009
48806.750	0.009
48816.035	0.009
48816.035	0.009
48816.035	0.009
48816.035	0.009
48816.035	0.009
48816.035	0.009
48970.883	0.009
48970.883	0.009
48970.883	0.009
48970.883	0.009
48970.883	0.009
48970.883	0.009
49120.398	0.009
49120.398	0.009
49120.398	0.009
49270.410	0.009
49270.410	0.009
49270.410	0.009
49427.230	0.009
49584.629	0.009
49584.629	0.009
49584.629	0.009
49584.629	0.009
49689.801	0.009
49689.801	0.009
49689.801	0.009
49689.801	0.009
49794.660	0.009
49794.660	0.009
49794.660	0.009
49794.660	0.009
49794.660	0.009
49946.648	0.009
49946.648	0.009
49946.648	0.009
50105.703	0.009
50105.703	0.009
50105.703	0.009
50258.641	0.009
50412.086	0.009
50519.012	0.009
50519.012	0.009
50519.012	0.009
50519.012	0.009
50673.254	0.009
50827.926	0.009
50827.926	0.009
50827.926	0.009
50983.109	0.009
50983.109	0.009
50983.109	0.009
51307.699	0.009
51307.699	0.008
51471.047	0.008
51471.047	0.008
51580.262	0.008
51580.262	0.008
51737.699	0.008
51737.699	0.008
51737.699	0.008
51902.457	0.008
52011.941	0.008
52011.941	0.008
52011.941	0.008
52170.742	0.008
52170.742	0.008
52336.836	0.008
52336.836	0.008
52476.617	0.008
52643.727	0.008
52804.410	0.008
52804.410	0.008
52804.410	0.008
52965.629	0.008
52965.629	0.008
52965.629	0.008
52965.629	0.008
52965.629	0.008
52965.629	0.008
53133.641	0.008
53302.801	0.008
53302.801	0.008
53465.539	0.008
53465.539	0.008
53465.539	0.008
53628.734	0.008
53628.734	0.008
53628.734	0.008
53792.469	0.008
53792.469	0.008
53792.469	0.008
53792.469	0.008
53956.660	0.008
53956.660	0.008
54121.395	0.008
54121.395	0.008
54121.395	0.008
54286.680	0.008
54286.680	0.008
54286.680	0.008
54452.336	0.008
54452.336	0.008
54567.875	0.008
54567.875	0.008
54567.875	0.008
54734.434	0.008
54901.543	0.008
54901.543	0.008
55069.121	0.008
55069.121	0.008
55069.121	0.008
55237.254	0.008
55405.855	0.008
55405.855	0.008
55405.855	0.008
55405.855	0.008
55523.418	0.008
55692.984	0.007
55692.984	0.007
55810.422	0.007
55810.422	0.007
55988.102	0.007
56159.043	0.007
56159.043	0.007
56159.043	0.007
56337.832	0.007
56337.832	0.007
56509.840	0.007
56509.840	0.007
56509.840	0.007
56689.840	0.007
56689.840	0.007
56689.840	0.007
56689.840	0.007
56862.828	0.007
56862.828	0.007
57224.855	0.007
57346.230	0.007
57346.230	0.007
57346.230	0.007
57346.230	0.007
57371.262	0.007
57521.316	0.007
57696.887	0.007
57696.887	0.007
57696.887	0.007
57873.043	0.007
57873.043	0.007
57873.043	0.007
57873.043	0.007
58049.691	0.007
58049.691	0.007
58172.863	0.007
58350.473	0.007
58350.473	0.007
58528.574	0.007
58528.574	0.007
58714.234	0.007
58714.234	0.007
58901.207	0.007
58901.207	0.007
59088.727	0.007
59088.727	0.007
59276.262	0.007
59276.262	0.007
59464.926	0.007
59464.926	0.007
59646.480	0.007
59646.480	0.007
59836.371	0.007
59963.336	0.007
59963.336	0.007
60146.363	0.007
60146.363	0.007
60337.254	0.007
60337.254	0.006
60521.371	0.006
60521.371	0.006
60706.199	0.006
60706.199	0.006
60706.199	0.006
60891.445	0.006
60891.445	0.006
60891.445	0.006
61020.645	0.006
61206.898	0.006
61206.898	0.006
61401.812	0.006
61401.812	0.006
61589.230	0.006
61589.230	0.006
61785.359	0.006
61785.359	0.006
61785.359	0.006
62112.863	0.006
62302.449	0.006
62302.449	0.006
62492.668	0.006
62492.668	0.006
62691.621	0.006
62691.621	0.006
62890.484	0.006
62890.484	0.006
63090.758	0.006
63090.758	0.006
63291.668	0.006
63493.168	0.006
63687.020	0.006
63881.410	0.006
63881.410	0.006
64076.449	0.006
64076.449	0.006
64272.031	0.006
64272.031	0.006
64475.906	0.006
64475.906	0.006
64672.762	0.006
64672.762	0.006
64878.656	0.006
64878.656	0.006
64878.656	0.006
65085.258	0.006
65085.258	0.006
65291.715	0.006
65609.648	0.006
65638.562	0.006
65638.562	0.006
65638.562	0.006
65777.836	0.006
65917.406	0.006
65917.406	0.006
65917.406	0.006
66118.609	0.006
66118.609	0.006
66258.195	0.006
66469.078	0.006
66469.078	0.006
66672.023	0.006
66813.438	0.006
67238.812	0.006
67444.047	0.006
67444.047	0.006
67649.961	0.006
67865.391	0.006
68081.453	0.005
68442.328	0.005
68587.555	0.005
68587.555	0.005
68805.906	0.005
69243.977	0.005
69243.977	0.005
69464.422	0.005
69464.422	0.005
69464.422	0.005
69685.633	0.005
69906.680	0.005
70129.297	0.005
70343.352	0.005
70343.352	0.005
70343.352	0.005
70558.117	0.005
70558.117	0.005
70558.117	0.005
70558.117	0.005
71007.281	0.005
71157.945	0.005
71157.945	0.005
71375.203	0.005
71375.203	0.005
71375.203	0.005
71602.430	0.005
72211.195	0.005
72441.094	0.005
72594.805	0.005
72594.805	0.005
72816.383	0.005
72816.383	0.005
72816.383	0.005
72816.383	0.005
72970.047	0.005
72970.047	0.005
72970.047	0.005
73435.469	0.005
73659.617	0.005
73884.508	0.005
73884.508	0.005
74267.281	0.005
74740.117	0.005
74978.062	0.005
74978.062	0.005
75206.977	0.005
75206.977	0.005
75206.977	0.005
75685.734	0.005
75926.750	0.005
76087.859	0.005
76087.859	0.005
76087.859	0.005
76087.859	0.005
76087.859	0.005
76320.102	0.005
76481.094	0.005
76741.648	0.004
77214.016	0.004
77214.016	0.004
77376.898	0.004
77376.898	0.004
77623.305	0.004
77623.305	0.004
77623.305	0.004
78035.656	0.004
78283.195	0.004
78532.484	0.004
78532.484	0.004
78772.188	0.004
78772.188	0.004
78772.188	0.004
79023.039	0.004
79023.039	0.004
79273.703	0.004
79526.148	0.004
79779.336	0.004
79779.336	0.004
80022.906	0.004
80022.906	0.004
80022.906	0.004
80532.320	0.004
80778.195	0.004
80778.195	0.004
80778.195	0.004
81024.758	0.004
81282.781	0.004
81973.781	0.004
82485.828	0.004
82748.500	0.004
83010.984	0.004
83083.203	0.004
83259.422	0.004
83264.430	0.004
83264.430	0.004
83264.430	0.004
83523.531	0.004
83523.531	0.004
83523.531	0.004
83778.539	0.004
83778.539	0.004
83778.539	0.004
83778.539	0.004
84045.398	0.004
84312.898	0.004
84570.320	0.004
84570.320	0.004
84570.320	0.004
84828.453	0.004
84828.453	0.004
85008.445	0.004
85008.445	0.004
85267.914	0.004
85267.914	0.004
85267.914	0.004
85528.250	0.004
85528.250	0.004
85789.312	0.004
85789.312	0.004
86051.234	0.004
86051.234	0.004
86051.234	0.004
86051.234	0.004
86051.234	0.004
86051.234	0.004
86324.195	0.004
86324.195	0.004
86599.094	0.004
86863.422	0.004
87140.039	0.004
87416.453	0.004
87416.453	0.004
87694.758	0.004
87962.500	0.004
87962.500	0.004
87962.500	0.004
88242.539	0.004
88242.539	0.004
88522.453	0.004
88804.352	0.004
88804.352	0.004
88992.781	0.004
88992.781	0.004
89276.102	0.004
89276.102	0.004
89313.305	0.004
89548.672	0.004
89548.672	0.004
89548.672	0.004
89832.727	0.003
89832.727	0.003
90023.336	0.003
90023.336	0.003
90309.945	0.003
90501.570	0.003
90501.570	0.003
90788.648	0.003
90788.648	0.003
91065.906	0.003
91355.758	0.003
91355.758	0.003
91646.680	0.003
91646.680	0.003
91938.445	0.003
92230.086	0.003
92230.086	0.003
92511.672	0.003
92511.672	0.003
92707.969	0.003
92707.969	0.003
92904.609	0.003
92904.609	0.003
92904.609	0.003
93101.734	0.003
93101.734	0.003
93298.133	0.003
93298.133	0.003
93496.102	0.003
93694.484	0.003
93980.469	0.003
93980.469	0.003
94267.398	0.003
94567.516	0.003
94567.516	0.003
94856.242	0.003
95057.438	0.003
95057.438	0.003
95258.039	0.003
95258.039	0.003
95764.070	0.003
96056.531	0.003
96056.531	0.003
96362.258	0.003
96362.258	0.003
96656.469	0.003
96656.469	0.003
96963.070	0.003
96963.070	0.003
97168.734	0.003
97168.734	0.003
97478.164	0.003
97478.164	0.003
97685.000	0.003
97685.000	0.003
97994.859	0.003
98306.844	0.003
98306.844	0.003
98306.844	0.003
98619.898	0.003
98619.898	0.003
98619.898	0.003
98932.727	0.003
98932.727	0.003
99247.781	0.003
99458.289	0.003
99458.289	0.003
99775.008	0.003
99985.484	0.003
1.003e5	0.003
1.003e5	0.003
1.006e5	0.003
1.006e5	0.003
1.011e5	0.003
1.011e5	0.003
1.015e5	0.003
1.016e5	0.003
1.017e5	0.003
1.017e5	0.003
1.017e5	0.003
1.023e5	0.003
1.030e5	0.003
1.030e5	0.003
1.030e5	0.003
1.033e5	0.003
1.036e5	0.003
1.036e5	0.003
1.038e5	0.003
1.040e5	0.003
1.047e5	0.003
1.047e5	0.003
1.050e5	0.003
1.050e5	0.003
1.050e5	0.003
1.052e5	0.003
1.056e5	0.003
1.056e5	0.003
1.059e5	0.003
1.066e5	0.003
1.068e5	0.003
1.071e5	0.003
1.071e5	0.003
1.071e5	0.003
1.074e5	0.003
1.074e5	0.003
1.074e5	0.003
1.080e5	0.003
1.084e5	0.003
1.087e5	0.003
1.087e5	0.003
1.087e5	0.003
1.090e5	0.003
1.097e5	0.003
1.101e5	0.003
1.101e5	0.003
1.104e5	0.002
1.104e5	0.002
1.108e5	0.002
1.111e5	0.002
1.115e5	0.002
1.115e5	0.002
1.115e5	0.002
1.115e5	0.002
1.118e5	0.002
1.121e5	0.002
1.121e5	0.002
1.121e5	0.002
1.125e5	0.002
1.128e5	0.002
1.128e5	0.002
1.132e5	0.002
1.132e5	0.002
1.132e5	0.002
1.136e5	0.002
1.139e5	0.002
1.143e5	0.002
1.143e5	0.002
1.143e5	0.002
1.146e5	0.002
1.150e5	0.002
1.154e5	0.002
1.154e5	0.002
1.157e5	0.002
1.160e5	0.002
1.162e5	0.002
1.166e5	0.002
1.169e5	0.002
1.169e5	0.002
1.172e5	0.002
1.174e5	0.002
1.178e5	0.002
1.178e5	0.002
1.178e5	0.002
1.181e5	0.002
1.181e5	0.002
1.185e5	0.002
1.185e5	0.002
1.185e5	0.002
1.189e5	0.002
1.189e5	0.002
1.192e5	0.002
1.196e5	0.002
1.196e5	0.002
1.199e5	0.002
1.202e5	0.002
1.202e5	0.002
1.205e5	0.002
1.205e5	0.002
1.206e5	0.002
1.209e5	0.002
1.209e5	0.002
1.213e5	0.002
1.213e5	0.002
1.213e5	0.002
1.215e5	0.002
1.215e5	0.002
1.215e5	0.002
1.218e5	0.002
1.222e5	0.002
1.225e5	0.002
1.225e5	0.002
1.229e5	0.002
1.229e5	0.002
1.229e5	0.002
1.233e5	0.002
1.236e5	0.002
1.236e5	0.002
1.236e5	0.002
1.238e5	0.002
1.241e5	0.002
1.245e5	0.002
1.249e5	0.002
1.253e5	0.002
1.253e5	0.002
1.257e5	0.002
1.257e5	0.002
1.257e5	0.002
1.260e5	0.002
1.260e5	0.002
1.264e5	0.002
1.264e5	0.002
1.268e5	0.002
1.268e5	0.002
1.271e5	0.002
1.271e5	0.002
1.275e5	0.002
1.275e5	0.002
1.275e5	0.002
1.279e5	0.002
1.283e5	0.002
1.283e5	0.002
1.287e5	0.002
1.287e5	0.002
1.291e5	0.002
1.291e5	0.002
1.295e5	0.002
1.299e5	0.002
1.303e5	0.002
1.307e5	0.002
1.307e5	0.002
1.314e5	0.002
1.314e5	0.002
1.314e5	0.002
1.318e5	0.002
1.322e5	0.002
1.322e5	0.002
1.322e5	0.002
1.326e5	0.002
1.326e5	0.002
1.330e5	0.002
1.330e5	0.002
1.334e5	0.002
1.334e5	0.002
1.334e5	0.002
1.334e5	0.002
1.334e5	0.002
1.338e5	0.002
1.338e5	0.002
1.343e5	0.002
1.343e5	0.002
1.347e5	0.002
1.347e5	0.002
1.351e5	0.002
1.351e5	0.002
1.355e5	0.002
1.359e5	0.002
1.359e5	0.002
1.364e5	0.002
1.364e5	0.002
1.364e5	0.002
1.366e5	0.002
1.369e5	0.002
1.369e5	0.002
1.373e5	0.002
1.373e5	0.002
1.373e5	0.002
1.376e5	0.002
1.376e5	0.002
1.376e5	0.002
1.381e5	0.002
1.385e5	0.002
1.385e5	0.002
1.389e5	0.002
1.393e5	0.002
1.398e5	0.002
1.402e5	0.002
1.402e5	0.002
1.402e5	0.002
1.406e5	0.002
1.406e5	0.002
1.408e5	0.002
1.411e5	0.002
1.411e5	0.002
1.415e5	0.002
1.415e5	0.002
1.415e5	0.002
1.418e5	0.002
1.418e5	0.002
1.421e5	0.002
1.421e5	0.002
1.424e5	0.002
1.429e5	0.002
1.429e5	0.002
1.433e5	0.002
1.433e5	0.002
1.438e5	0.002
1.438e5	0.002
1.438e5	0.002
1.442e5	0.002
1.451e5	0.002
1.451e5	0.002
1.456e5	0.002
1.459e5	0.002
1.459e5	0.002
1.463e5	0.002
1.463e5	0.002
1.468e5	0.002
1.471e5	0.002
1.471e5	0.002
1.471e5	0.002
1.471e5	0.002
1.471e5	0.002
1.474e5	0.002
1.477e5	0.002
1.477e5	0.002
1.482e5	0.002
1.486e5	0.002
1.486e5	0.002
1.491e5	0.002
1.491e5	0.002
1.496e5	0.002
1.500e5	0.001
1.500e5	0.001
1.505e5	0.001
1.510e5	0.001
1.510e5	0.001
1.514e5	0.001
1.519e5	0.001
1.519e5	0.001
1.519e5	0.001
1.519e5	0.001
1.524e5	0.001
1.524e5	0.001
1.529e5	0.001
1.529e5	0.001
1.529e5	0.001
1.533e5	0.001
1.533e5	0.001
1.533e5	0.001
1.533e5	0.001
1.533e5	0.001
1.533e5	0.001
1.538e5	0.001
1.538e5	0.001
1.543e5	0.001
1.543e5	0.001
1.545e5	0.001
1.550e5	0.001
1.553e5	0.001
1.553e5	0.001
1.557e5	0.001
1.557e5	0.001
1.557e5	0.001
1.561e5	0.001
1.561e5	0.001
1.561e5	0.001
1.566e5	0.001
1.566e5	0.001
1.571e5	0.001
1.576e5	0.001
1.581e5	0.001
1.586e5	0.001
1.586e5	0.001
1.591e5	0.001
1.591e5	0.001
1.596e5	0.001
1.601e5	0.001
1.606e5	0.001
1.606e5	0.001
1.606e5	0.001
1.611e5	0.001
1.611e5	0.001
1.614e5	0.001
1.619e5	0.001
1.619e5	0.001
1.624e5	0.001
1.629e5	0.001
1.633e5	0.001
1.643e5	0.001
1.643e5	0.001
1.648e5	0.001
1.651e5	0.001
1.651e5	0.001
1.657e5	0.001
1.657e5	0.001
1.662e5	0.001
1.667e5	0.001
1.667e5	0.001
1.673e5	0.001
1.678e5	0.001
1.683e5	0.001
1.683e5	0.001
1.689e5	0.001
1.694e5	0.001
1.694e5	0.001
1.699e5	0.001
1.699e5	0.001
1.705e5	0.001
1.710e5	0.001
1.710e5	0.001
1.715e5	0.001
1.715e5	0.001
1.721e5	0.001
1.721e5	0.001
1.721e5	0.001
1.721e5	0.001
1.726e5	0.001
1.726e5	0.001
1.726e5	0.001
1.730e5	0.001
1.730e5	0.001
1.730e5	0.001
1.730e5	0.001
1.735e5	0.001
1.735e5	0.001
1.741e5	0.001
1.750e5	0.001
1.750e5	0.001
1.750e5	0.001
1.753e5	0.001
1.753e5	0.001
1.759e5	0.001
1.759e5	0.001
1.764e5	0.001
1.770e5	0.001
1.770e5	0.001
1.770e5	0.001
1.775e5	0.001
1.775e5	0.001
1.778e5	0.001
1.782e5	0.001
1.782e5	0.001
1.787e5	0.001
1.793e5	0.001
1.793e5	0.001
1.797e5	0.001
1.797e5	0.001
1.797e5	0.001
1.797e5	0.001
1.802e5	0.001
1.802e5	0.001
1.808e5	0.001
1.808e5	0.001
1.814e5	0.001
1.814e5	0.001
1.819e5	0.001
1.819e5	0.001
1.825e5	0.001
1.825e5	0.001
1.829e5	0.001
1.829e5	0.001
1.838e5	0.001
1.838e5	0.001
1.844e5	0.001
1.850e5	0.001
1.856e5	0.001
1.856e5	0.001
1.856e5	0.001
1.861e5	0.001
1.866e5	0.001
1.867e5	0.001
1.867e5	0.001
1.873e5	0.001
1.873e5	0.001
1.873e5	0.001
1.879e5	0.001
1.879e5	0.001
1.883e5	0.001
1.887e5	0.001
1.887e5	0.001
1.893e5	0.001
1.893e5	0.001
1.899e5	9.984e-4
1.899e5	9.961e-4
1.903e5	9.915e-4
1.908e5	9.892e-4
1.908e5	9.854e-4
1.914e5	9.823e-4
1.920e5	9.801e-4
1.920e5	9.786e-4
1.926e5	9.749e-4
1.932e5	9.711e-4
1.938e5	9.667e-4
1.944e5	9.623e-4
1.948e5	9.564e-4
1.948e5	9.549e-4
1.954e5	9.528e-4
1.960e5	9.485e-4
1.960e5	9.426e-4
1.966e5	9.405e-4
1.966e5	9.383e-4
1.977e5	9.311e-4
1.977e5	9.290e-4
1.977e5	9.276e-4
1.989e5	9.234e-4
1.989e5	9.220e-4
1.995e5	9.199e-4
2.001e5	9.157e-4
2.007e5	9.137e-4
2.014e5	9.074e-4
2.014e5	9.053e-4
2.020e5	9.033e-4
2.020e5	8.956e-4
2.027e5	8.915e-4
2.030e5	9.006e-4
2.033e5	8.881e-4
2.039e5	8.848e-4
2.039e5	8.834e-4
2.039e5	8.814e-4
2.045e5	8.793e-4
2.045e5	8.780e-4
2.045e5	8.760e-4
2.045e5	8.733e-4
2.045e5	8.693e-4
2.052e5	8.673e-4
2.052e5	8.619e-4
2.056e5	8.566e-4
2.056e5	8.547e-4
2.061e5	8.547e-4
2.061e5	8.514e-4
2.067e5	8.495e-4
2.067e5	8.476e-4
2.073e5	8.456e-4
2.078e5	8.430e-4
2.078e5	8.385e-4
2.084e5	8.353e-4
2.091e5	8.353e-4
2.095e5	8.302e-4
2.108e5	8.265e-4
2.114e5	8.265e-4
2.114e5	8.246e-4
2.119e5	8.215e-4
2.125e5	8.184e-4
2.125e5	8.165e-4
2.130e5	8.147e-4
2.130e5	8.129e-4
2.130e5	8.111e-4
2.137e5	8.098e-4
2.137e5	8.079e-4
2.143e5	8.061e-4
2.143e5	8.048e-4
2.143e5	8.030e-4
2.150e5	8.018e-4
2.150e5	8.000e-4
2.160e5	7.999e-4
