x	y
92.005	0.228
92.377	0.229
92.670	0.231
92.953	0.231
92.953	0.232
93.236	0.232
93.521	0.233
93.807	0.234
93.807	0.234
94.093	0.235
94.380	0.236
94.380	0.236
94.380	0.237
94.380	0.237
94.380	0.237
94.580	0.238
94.882	0.239
94.882	0.239
95.171	0.240
95.462	0.241
95.766	0.241
96.058	0.242
96.670	0.243
96.670	0.244
96.670	0.244
96.875	0.245
96.875	0.245
97.170	0.246
97.377	0.246
97.377	0.247
97.674	0.247
97.674	0.247
97.880	0.248
98.192	0.249
98.713	0.250
99.026	0.251
99.329	0.252
99.329	0.253
99.962	0.255
100.173	0.256
100.173	0.256
100.479	0.257
100.479	0.258
100.799	0.258
101.106	0.259
101.415	0.260
101.725	0.261
102.195	0.262
102.360	0.263
102.686	0.264
103.121	0.265
103.436	0.265
103.752	0.266
104.068	0.267
104.718	0.268
105.038	0.269
105.359	0.269
106.003	0.270
106.327	0.271
106.651	0.271
106.991	0.272
106.991	0.274
107.216	0.274
107.216	0.275
107.216	0.276
107.444	0.276
107.772	0.277
108.803	0.278
109.150	0.281
110.545	0.285
110.897	0.286
111.249	0.286
111.249	0.287
111.589	0.287
111.929	0.288
111.929	0.288
112.271	0.289
112.271	0.290
112.614	0.290
112.614	0.290
112.958	0.291
113.663	0.292
113.904	0.292
113.904	0.293
114.387	0.294
114.736	0.294
114.736	0.295
114.736	0.296
114.979	0.297
115.346	0.298
115.713	0.298
115.713	0.299
116.066	0.300
116.420	0.300
116.790	0.301
117.146	0.302
117.504	0.303
117.863	0.304
117.863	0.305
118.113	0.306
118.363	0.307
118.363	0.308
118.740	0.308
118.991	0.309
119.750	0.310
120.115	0.312
120.865	0.313
121.120	0.314
121.506	0.315
121.764	0.316
122.152	0.318
122.929	0.320
123.305	0.322
123.681	0.323
124.075	0.323
124.848	0.325
125.495	0.327
126.162	0.328
126.162	0.329
126.476	0.329
126.547	0.329
126.948	0.330
127.623	0.332
128.029	0.333
128.301	0.333
128.692	0.334
129.101	0.334
129.786	0.336
130.596	0.338
131.012	0.339
131.289	0.340
131.690	0.341
132.110	0.343
132.513	0.343
132.513	0.344
132.917	0.344
133.323	0.345
133.746	0.345
134.030	0.346
134.457	0.347
135.726	0.348
136.158	0.350
136.447	0.350
137.170	0.353
137.607	0.355
138.466	0.356
138.466	0.358
138.760	0.359
139.643	0.361
140.088	0.363
140.961	0.364
141.261	0.365
142.461	0.368
142.764	0.369
143.200	0.370
143.960	0.372
144.858	0.375
145.782	0.377
146.246	0.378
147.021	0.379
147.333	0.381
148.096	0.382
148.862	0.384
148.862	0.385
148.878	0.386
149.653	0.386
150.446	0.387
150.925	0.389
151.848	0.389
152.311	0.390
152.776	0.391
153.243	0.392
153.711	0.393
154.200	0.394
155.182	0.398
156.006	0.399
156.006	0.400
156.981	0.401
157.980	0.403
158.651	0.405
158.986	0.407
159.492	0.408
159.979	0.409
160.488	0.410
160.997	0.413
161.853	0.414
162.347	0.416
162.864	0.417
163.901	0.419
164.422	0.420
165.449	0.422
165.955	0.423
166.305	0.425
166.812	0.426
167.699	0.428
168.054	0.430
169.124	0.432
170.000	0.433
170.542	0.434
171.062	0.435
171.947	0.436
172.471	0.436
173.388	0.436
174.448	0.438
174.980	0.439
175.352	0.440
176.445	0.442
177.570	0.444
178.112	0.445
178.656	0.446
179.794	0.448
180.940	0.450
182.092	0.454
182.479	0.456
183.036	0.457
183.424	0.458
184.240	0.455
184.568	0.460
184.568	0.461
185.696	0.463
186.287	0.465
186.881	0.467
187.451	0.468
188.046	0.468
188.644	0.470
189.848	0.471
190.427	0.473
191.009	0.474
192.199	0.475
192.786	0.476
193.375	0.477
194.557	0.478
195.591	0.479
196.006	0.480
197.204	0.481
198.250	0.482
198.670	0.483
199.277	0.484
200.521	0.485
200.521	0.487
201.798	0.488
202.441	0.490
203.083	0.491
203.514	0.493
204.162	0.495
205.461	0.497
206.991	0.500
207.430	0.504
207.430	0.505
208.309	0.506
208.309	0.507
208.945	0.509
209.388	0.509
209.388	0.511
210.696	0.512
212.010	0.515
213.108	0.517
213.108	0.518
213.108	0.519
213.108	0.520
214.439	0.521
215.122	0.522
216.062	0.523
216.721	0.523
217.870	0.523
218.999	0.524
219.463	0.524
220.133	0.525
220.805	0.525
220.805	0.526
222.155	0.526
224.044	0.529
224.996	0.529
226.401	0.531
227.813	0.532
228.296	0.535
229.023	0.536
229.722	0.537
231.185	0.540
231.890	0.541
233.339	0.542
234.051	0.544
235.482	0.545
236.201	0.546
236.922	0.548
237.425	0.548
237.926	0.549
238.652	0.551
239.412	0.551
240.143	0.553
240.876	0.554
241.611	0.555
242.124	0.556
242.638	0.556
242.964	0.558
243.378	0.557
243.378	0.559
245.187	0.562
247.272	0.565
247.797	0.565
248.586	0.566
249.113	0.567
249.873	0.567
249.873	0.569
251.464	0.570
252.232	0.571
253.002	0.572
253.539	0.572
255.122	0.573
256.713	0.575
258.899	0.577
260.237	0.579
261.031	0.580
262.384	0.581
262.940	0.582
263.743	0.584
264.548	0.584
265.109	0.585
265.950	0.586
267.577	0.588
268.428	0.589
269.248	0.590
269.819	0.590
272.366	0.591
273.523	0.592
274.394	0.594
276.690	0.595
277.535	0.596
279.232	0.598
281.871	0.599
283.328	0.600
284.230	0.601
285.098	0.603
285.968	0.604
287.717	0.605
288.595	0.607
289.476	0.607
289.476	0.608
290.398	0.609
292.212	0.611
292.828	0.612
293.722	0.613
294.619	0.615
294.619	0.616
295.244	0.618
297.127	0.621
299.653	0.623
300.568	0.623
301.205	0.624
302.161	0.624
303.123	0.624
303.922	0.623
308.743	0.630
311.702	0.633
313.608	0.633
316.274	0.633
317.951	0.634
318.921	0.634
319.937	0.635
320.913	0.637
322.956	0.638
323.942	0.639
324.630	0.641
326.615	0.641
327.307	0.642
328.002	0.642
328.698	0.644
330.747	0.644
331.800	0.645
333.210	0.645
336.355	0.646
339.174	0.646
340.209	0.648
343.102	0.649
343.102	0.650
344.194	0.652
345.973	0.652
347.029	0.653
348.134	0.653
349.938	0.654
350.680	0.656
352.913	0.657
354.788	0.659
355.913	0.659
356.185	0.656
357.000	0.660
358.089	0.660
359.945	0.660
362.577	0.661
365.999	0.661
367.165	0.662
369.111	0.662
371.810	0.663
375.369	0.665
376.963	0.665
376.963	0.666
379.268	0.666
379.268	0.667
381.229	0.667
382.392	0.669
386.006	0.669
386.825	0.670
389.650	0.670
394.632	0.670
399.254	0.670
400.473	0.670
402.547	0.672
403.776	0.672
406.245	0.673
408.350	0.673
409.596	0.675
411.714	0.675
414.725	0.675
416.928	0.676
420.472	0.679
423.149	0.681
424.497	0.682
425.793	0.683
430.323	0.683
433.522	0.683
435.768	0.683
438.083	0.683
440.347	0.683
442.687	0.683
444.980	0.683
448.705	0.683
449.635	0.675
451.507	0.683
453.847	0.683
456.252	0.682
459.649	0.681
462.025	0.679
464.479	0.679
466.447	0.679
468.864	0.679
471.293	0.679
475.243	0.678
476.245	0.678
478.713	0.678
482.725	0.676
486.829	0.676
490.389	0.675
494.035	0.674
498.697	0.674
501.347	0.674
503.471	0.672
508.828	0.672
513.093	0.672
516.359	0.671
519.035	0.671
525.114	0.671
528.463	0.671
531.195	0.671
533.451	0.671
541.347	0.669
544.411	0.667
545.949	0.669
547.616	0.668
552.206	0.667
553.957	0.667
555.721	0.666
555.721	0.664
555.721	0.663
556.900	0.663
558.600	0.661
558.600	0.660
562.156	0.660
562.156	0.658
563.873	0.658
567.395	0.657
571.544	0.656
574.574	0.656
577.551	0.656
579.314	0.654
581.768	0.654
585.479	0.653
587.343	0.653
590.934	0.651
592.738	0.651
595.249	0.651
598.333	0.650
602.070	0.650
605.261	0.648
608.477	0.648
610.407	0.647
615.604	0.645
617.483	0.645
619.368	0.644
623.230	0.642
627.123	0.641
631.115	0.641
634.468	0.639
636.405	0.638
638.644	0.635
639.702	0.638
641.731	0.636
643.690	0.635
647.194	0.634
660.868	0.629
660.868	0.628
662.886	0.628
664.909	0.628
667.027	0.627
670.482	0.627
672.617	0.625
674.671	0.625
674.671	0.624
676.811	0.624
681.038	0.622
683.117	0.622
683.117	0.621
684.567	0.621
688.196	0.620
688.196	0.618
689.656	0.618
691.761	0.617
693.873	0.616
695.345	0.614
696.820	0.614
701.164	0.613
705.544	0.611
709.200	0.611
711.365	0.610
711.365	0.609
715.714	0.609
715.714	0.608
717.899	0.608
720.091	0.607
724.494	0.605
726.706	0.605
726.706	0.604
731.149	0.603
731.149	0.601
733.381	0.600
735.620	0.599
735.620	0.598
737.181	0.598
738.745	0.597
740.303	0.597
741.874	0.594
748.181	0.592
749.768	0.592
753.653	0.591
759.961	0.591
759.961	0.590
762.280	0.590
764.708	0.588
767.142	0.588
767.142	0.586
768.770	0.584
771.209	0.584
775.925	0.582
778.293	0.582
780.771	0.580
784.817	0.579
786.482	0.578
791.488	0.577
793.905	0.575
793.905	0.574
798.760	0.573
801.303	0.571
803.854	0.571
806.404	0.570
810.582	0.569
813.056	0.568
815.539	0.568
818.135	0.567
820.633	0.565
823.138	0.564
825.651	0.562
828.270	0.560
830.798	0.558
831.577	0.561
833.335	0.557
835.879	0.556
838.430	0.555
842.885	0.555
845.458	0.555
845.458	0.553
849.949	0.553
852.544	0.552
857.063	0.551
859.679	0.551
859.679	0.550
862.303	0.550
864.936	0.548
867.576	0.548
870.225	0.547
872.881	0.547
875.546	0.546
878.219	0.545
878.219	0.543
882.884	0.543
882.884	0.543
885.685	0.543
888.389	0.541
891.217	0.541
893.938	0.541
895.834	0.541
895.834	0.540
898.676	0.540
901.420	0.539
904.290	0.538
907.050	0.537
909.939	0.537
909.939	0.535
911.869	0.535
914.653	0.535
914.653	0.534
916.582	0.533
919.381	0.533
919.381	0.532
922.187	0.532
924.144	0.531
926.965	0.529
929.794	0.529
932.633	0.527
935.480	0.526
937.465	0.526
937.465	0.525
937.465	0.524
940.327	0.524
941.559	0.521
944.433	0.521
944.433	0.520
947.440	0.519
950.333	0.518
950.333	0.517
953.234	0.517
953.234	0.516
956.144	0.515
959.063	0.515
961.990	0.514
964.927	0.513
967.873	0.512
967.873	0.510
970.827	0.510
972.887	0.509
975.985	0.509
978.964	0.508
981.953	0.507
984.951	0.506
987.957	0.505
993.194	0.504
999.267	0.504
1004.576	0.502
1010.839	0.501
1013.925	0.499
1017.020	0.498
1020.124	0.497
1023.239	0.496
1023.239	0.495
1029.631	0.494
1032.773	0.493
1035.927	0.492
1042.522	0.491
1042.522	0.490
1044.733	0.490
1046.759	0.489
1047.923	0.489
1051.122	0.488
1051.122	0.487
1054.331	0.486
1057.549	0.485
1057.549	0.484
1060.917	0.483
1060.917	0.482
1060.917	0.481
1060.917	0.479
1064.155	0.478
1067.404	0.477
1070.662	0.476
1073.931	0.476
1073.931	0.475
1076.209	0.475
1079.636	0.474
1082.932	0.473
1085.216	0.473
1085.216	0.472
1087.519	0.471
1093.153	0.470
1093.153	0.469
1095.473	0.468
1097.796	0.468
1101.279	0.467
1104.641	0.466
1104.641	0.465
1108.014	0.464
1114.935	0.463
1114.935	0.462
1121.752	0.462
1121.752	0.461
1124.132	0.461
1126.517	0.461
1129.956	0.461
1133.541	0.459
1135.945	0.458
1141.831	0.457
1151.538	0.453
1158.882	0.452
1162.421	0.452
1165.969	0.451
1173.238	0.450
1176.974	0.449
1180.567	0.448
1188.084	0.444
1191.866	0.444
1191.866	0.443
1195.661	0.442
1199.311	0.441
1199.311	0.440
1199.311	0.439
1206.946	0.436
1210.630	0.436
1210.630	0.435
1214.326	0.434
1218.033	0.433
1221.752	0.432
1225.641	0.430
1229.544	0.429
1233.299	0.429
1233.299	0.428
1240.987	0.428
1240.987	0.427
1251.539	0.424
1254.192	0.423
1258.186	0.421
1261.135	0.422
1262.192	0.421
1266.045	0.420
1268.732	0.420
1272.604	0.418
1288.859	0.412
1292.964	0.411
1292.964	0.411
1296.912	0.411
1299.662	0.409
1303.801	0.409
1306.551	0.409
1310.540	0.408
1314.540	0.407
1318.727	0.406
1318.727	0.405
1322.752	0.404
1328.371	0.403
1332.585	0.401
1336.652	0.401
1340.733	0.400
1344.825	0.399
1348.931	0.399
1348.931	0.398
1357.180	0.398
1360.058	0.397
1360.058	0.396
1364.211	0.396
1368.377	0.396
1368.377	0.394
1372.732	0.394
1381.126	0.394
1381.126	0.393
1389.754	0.390
1398.602	0.388
1398.602	0.388
1402.871	0.388
1410.140	0.387
1410.140	0.386
1414.629	0.386
1419.116	0.385
1423.449	0.385
1423.449	0.385
1427.794	0.385
1430.823	0.383
1430.823	0.382
1435.193	0.382
1442.139	0.382
1449.117	0.381
1453.540	0.379
1453.540	0.379
1453.540	0.378
1456.625	0.378
1456.625	0.377
1461.073	0.377
1461.073	0.376
1461.073	0.374
1465.706	0.374
1465.706	0.374
1470.180	0.373
1474.862	0.372
1479.364	0.372
1479.364	0.371
1483.880	0.371
1483.880	0.370
1488.604	0.370
1488.604	0.369
1488.604	0.368
1491.763	0.368
1496.318	0.367
1499.474	0.367
1499.474	0.366
1502.657	0.365
1507.242	0.365
1511.845	0.364
1519.875	0.364
1524.515	0.364
1524.515	0.363
1529.350	0.361
1534.221	0.361
1539.106	0.361
1539.106	0.360
1548.904	0.359
1548.904	0.358
1553.633	0.358
1558.579	0.357
1563.338	0.356
1566.656	0.356
1566.656	0.355
1571.437	0.353
1576.235	0.353
1576.235	0.353
1581.235	0.353
1586.061	0.352
1590.903	0.352
1590.903	0.351
1595.968	0.351
1595.968	0.349
1600.841	0.349
1600.841	0.348
1600.841	0.347
1605.938	0.347
1605.938	0.347
1610.841	0.346
1615.757	0.345
1619.186	0.344
1624.322	0.344
1629.495	0.344
1629.495	0.343
1632.951	0.343
1638.151	0.342
1638.151	0.342
1646.619	0.341
1651.645	0.340
1655.103	0.340
1656.904	0.340
1660.420	0.339
1663.942	0.339
1667.472	0.338
1667.472	0.337
1672.762	0.337
1678.089	0.335
1678.089	0.334
1683.431	0.334
1683.431	0.334
1688.571	0.333
1688.571	0.332
1693.725	0.332
1699.097	0.331
1699.097	0.331
1704.508	0.331
1715.380	0.328
1726.301	0.328
1729.963	0.328
1729.963	0.327
1735.245	0.326
1735.245	0.325
1740.541	0.325
1751.622	0.324
1751.622	0.323
1757.200	0.322
1757.200	0.322
1762.795	0.322
1768.177	0.321
1768.177	0.320
1771.907	0.320
1771.907	0.320
1777.317	0.320
1779.730	0.318
1785.162	0.316
1788.950	0.316
1794.412	0.316
1794.412	0.316
1799.803	0.316
1799.803	0.315
1803.622	0.315
1807.449	0.314
1807.449	0.313
1811.283	0.313
1811.283	0.312
1815.126	0.311
1820.668	0.311
1820.668	0.311
1826.443	0.311
1827.110	0.314
1832.018	0.311
1832.018	0.310
1837.612	0.310
1844.472	0.309
1844.472	0.307
1844.472	0.306
1844.472	0.306
1850.103	0.306
1850.103	0.305
1855.753	0.305
1855.753	0.305
1861.416	0.305
1861.416	0.304
1867.101	0.303
1867.101	0.303
1871.059	0.303
1871.059	0.302
1876.772	0.302
1880.753	0.301
1880.753	0.300
1884.743	0.300
1890.498	0.300
1896.268	0.299
1913.915	0.298
1917.976	0.298
1917.976	0.297
1923.832	0.296
1929.957	0.296
1936.103	0.296
1942.012	0.295
1947.942	0.295
1947.942	0.294
1953.887	0.293
1953.887	0.293
1960.085	0.292
1960.085	0.291
1966.327	0.291
1966.327	0.290
1972.329	0.290
1978.351	0.290
1990.946	0.287
1997.285	0.286
1997.285	0.286
2003.645	0.286
2003.645	0.285
2009.761	0.284
2009.761	0.284
2015.897	0.284
2015.897	0.283
2020.172	0.283
2020.172	0.283
2024.436	0.282
2030.881	0.282
2037.081	0.282
2037.081	0.282
2041.405	0.281
2045.734	0.281
2045.734	0.280
2051.979	0.280
2051.979	0.280
2055.785	0.280
2065.879	0.279
2065.879	0.276
2072.188	0.276
2078.511	0.275
2078.511	0.275
2082.921	0.275
2082.921	0.274
2087.339	0.274
2087.339	0.274
2093.712	0.273
2100.103	0.273
2100.103	0.272
2106.791	0.272
2106.791	0.271
2113.474	0.270
2119.926	0.270
2126.397	0.270
2132.889	0.269
2137.413	0.269
2141.948	0.268
2148.488	0.268
2153.045	0.267
2153.045	0.267
2157.614	0.267
2162.165	0.266
2162.165	0.266
2168.766	0.265
2168.766	0.264
2182.599	0.264
2182.599	0.263
2189.261	0.263
2196.233	0.262
2202.938	0.261
2202.938	0.260
2209.926	0.260
2216.671	0.260
2216.671	0.259
2223.439	0.259
2230.226	0.258
2237.035	0.258
2237.035	0.257
2241.780	0.257
2248.624	0.256
2248.624	0.255
2255.488	0.255
2262.374	0.255
2269.280	0.254
2276.506	0.253
2276.506	0.253
2288.300	0.252
2288.300	0.251
2293.131	0.251
2300.128	0.250
2307.151	0.249
2312.044	0.249
2319.103	0.249
2326.182	0.248
2333.284	0.247
2340.406	0.247
2340.406	0.246
2347.552	0.245
2352.533	0.245
2360.022	0.244
2367.228	0.243
2372.249	0.242
2379.774	0.242
2387.039	0.241
2394.643	0.240
2394.643	0.240
2399.720	0.239
2407.047	0.239
2412.152	0.238
2419.517	0.237
2426.902	0.237
2432.023	0.237
2437.182	0.237
2444.623	0.236
2452.084	0.235
2457.287	0.235
2464.790	0.235
2464.790	0.235
2472.637	0.234
2473.352	0.235
2480.186	0.234
2480.186	0.234
2480.186	0.233
2488.053	0.233
2495.975	0.233
2501.271	0.232
2506.578	0.232
2514.229	0.231
2514.229	0.230
2522.204	0.230
2527.556	0.229
2527.556	0.229
2535.273	0.229
2535.273	0.228
2535.273	0.228
2543.344	0.228
2551.110	0.227
2559.231	0.227
2559.231	0.226
2567.045	0.226
2572.460	0.226
2572.460	0.225
2577.918	0.225
2577.918	0.225
2577.918	0.224
2586.126	0.224
2594.361	0.223
2602.280	0.223
2610.225	0.223
2610.225	0.222
2617.414	0.221
2617.414	0.221
2622.968	0.221
2630.974	0.220
2630.974	0.220
2636.556	0.220
2636.556	0.219
2636.556	0.219
2644.604	0.218
2652.678	0.218
2652.678	0.217
2661.093	0.217
2661.093	0.217
2669.218	0.216
2677.365	0.216
2677.365	0.216
2685.891	0.215
2685.891	0.215
2700.159	0.214
2708.724	0.213
2717.350	0.213
2723.114	0.212
2723.114	0.212
2731.427	0.212
2731.427	0.211
2731.427	0.211
2739.765	0.211
2748.130	0.211
2748.130	0.210
2756.847	0.210
2756.847	0.210
2765.266	0.209
2765.266	0.209
2773.704	0.208
2799.918	0.207
2808.832	0.206
2817.408	0.206
2817.408	0.205
2817.408	0.205
2826.008	0.204
2834.636	0.204
2843.288	0.204
2843.288	0.203
2851.969	0.203
2851.969	0.203
2851.969	0.202
2851.969	0.202
2860.674	0.202
2860.674	0.202
2869.748	0.201
2884.618	0.200
2884.618	0.200
2893.422	0.200
2893.422	0.199
2902.636	0.198
2902.636	0.198
2902.636	0.198
2902.636	0.197
2917.674	0.196
2933.139	0.196
2933.139	0.196
2942.478	0.196
2942.478	0.195
2948.721	0.195
2948.721	0.195
2948.721	0.194
2958.075	0.194
2961.036	0.194
2986.385	0.192
2995.503	0.192
2995.503	0.191
2995.503	0.191
3005.040	0.191
3005.040	0.190
3005.040	0.190
3014.609	0.190
3021.006	0.190
3030.227	0.189
3030.227	0.189
3036.624	0.188
3045.890	0.188
3052.353	0.187
3081.566	0.186
3081.566	0.186
3081.566	0.185
3081.566	0.185
3101.221	0.184
3110.689	0.184
3110.689	0.183
3117.287	0.183
3117.287	0.183
3117.287	0.183
3117.287	0.182
3126.804	0.181
3146.714	0.180
3156.317	0.180
3156.317	0.179
3156.317	0.179
3165.956	0.179
3165.956	0.178
3185.729	0.178
3202.613	0.177
3223.043	0.176
3223.043	0.175
3232.881	0.175
3253.463	0.174
3270.747	0.173
3270.747	0.172
3291.139	0.172
3301.617	0.171
3308.623	0.171
3308.623	0.171
3308.623	0.170
3310.539	0.172
3318.722	0.169
3328.854	0.169
3339.015	0.169
3339.015	0.168
3381.706	0.166
3388.845	0.165
3399.186	0.165
3399.186	0.165
3399.186	0.165
3399.186	0.164
3410.011	0.164
3410.011	0.164
3410.011	0.164
3431.760	0.163
3439.000	0.163
3439.000	0.163
3446.297	0.162
3456.816	0.162
3478.865	0.161
3504.726	0.159
3512.162	0.159
3512.162	0.159
3522.882	0.159
3522.882	0.158
3533.638	0.158
3533.638	0.158
3533.638	0.158
3544.424	0.157
3566.990	0.156
3578.346	0.155
3578.346	0.155
3589.271	0.155
3589.271	0.155
3596.887	0.154
3608.297	0.154
3608.297	0.153
3619.310	0.153
3619.310	0.153
3630.361	0.153
3641.441	0.153
3664.188	0.152
3675.856	0.152
3675.856	0.152
3687.076	0.152
3698.772	0.151
3706.620	0.151
3717.937	0.151
3717.937	0.150
3717.937	0.150
3729.285	0.149
3729.285	0.149
3729.285	0.148
3729.285	0.148
3730.041	0.148
3740.671	0.148
3753.832	0.146
3753.832	0.146
3761.797	0.146
3761.797	0.146
3761.797	0.145
3769.732	0.145
3769.732	0.145
3769.732	0.145
3777.731	0.145
3777.731	0.144
3777.731	0.144
3789.262	0.144
3800.831	0.144
3800.831	0.143
3800.831	0.143
3812.432	0.143
3832.688	0.143
3832.688	0.142
3844.387	0.142
3852.544	0.142
3852.544	0.141
3860.671	0.141
3869.535	0.141
3872.458	0.141
3884.278	0.140
3884.278	0.140
3896.137	0.140
3896.137	0.140
3908.541	0.139
3908.541	0.139
3908.541	0.138
3920.474	0.138
3932.956	0.138
3941.301	0.137
3941.301	0.137
3961.674	0.137
3961.674	0.137
3973.766	0.136
3986.420	0.136
3986.420	0.136
3994.879	0.135
4007.597	0.135
4007.597	0.135
4007.597	0.134
4019.833	0.134
4032.103	0.134
4032.103	0.134
4040.608	0.133
4040.608	0.133
4052.945	0.133
4052.945	0.133
4052.945	0.132
4052.945	0.132
4065.848	0.132
4065.848	0.131
4091.784	0.131
4091.784	0.130
4100.416	0.130
4100.416	0.130
4112.932	0.130
4112.932	0.130
4125.489	0.130
4138.081	0.129
4138.081	0.129
4150.715	0.128
4150.715	0.128
4150.715	0.128
4163.384	0.127
4163.384	0.127
4163.384	0.127
4163.384	0.127
4168.891	0.126
4190.989	0.125
4190.989	0.125
4190.989	0.125
4203.784	0.125
4203.784	0.125
4212.701	0.124
4212.701	0.124
4226.116	0.124
4226.116	0.124
4239.022	0.124
4239.022	0.123
4251.958	0.123
4251.958	0.123
4260.979	0.122
4274.496	0.122
4287.543	0.122
4287.543	0.122
4301.196	0.122
4314.890	0.121
4328.581	0.121
4341.792	0.121
4341.792	0.121
4355.049	0.120
4355.049	0.120
4368.342	0.120
4381.679	0.119
4381.679	0.119
4390.973	0.119
4390.973	0.118
4404.956	0.118
4414.302	0.118
4414.302	0.117
4427.776	0.117
4441.294	0.117
4450.664	0.116
4464.248	0.116
4478.464	0.116
4492.726	0.115
4507.029	0.115
4507.029	0.115
4521.326	0.115
4535.130	0.114
4548.973	0.114
4548.973	0.114
4558.625	0.113
4568.298	0.113
4597.379	0.113
4621.805	0.112
4621.805	0.112
4646.300	0.111
4660.485	0.111
4674.711	0.111
4703.303	0.110
4718.273	0.110
4732.679	0.110
4747.124	0.109
4747.124	0.109
4757.197	0.109
4757.197	0.109
4772.342	0.109
4786.913	0.108
4786.913	0.108
4801.524	0.108
4801.524	0.107
4801.524	0.107
4816.763	0.106
4816.763	0.106
4832.093	0.106
4832.093	0.106
4832.093	0.105
4832.093	0.105
4846.846	0.105
4862.277	0.105
4872.534	0.104
4872.534	0.104
4872.534	0.104
4888.050	0.104
4898.422	0.104
4898.422	0.103
4913.374	0.103
4913.374	0.103
4928.375	0.103
4928.375	0.103
4928.375	0.102
4944.065	0.102
4959.748	0.102
4959.748	0.102
4975.542	0.102
4975.542	0.101
4986.100	0.101
4986.100	0.101
5001.318	0.101
5003.440	0.101
5016.588	0.101
5016.588	0.100
5027.229	0.100
5027.229	0.100
5027.229	0.100
5043.175	0.100
5059.235	0.099
5059.235	0.099
5059.235	0.099
5074.682	0.099
5074.682	0.098
5090.171	0.098
5105.712	0.098
5105.712	0.098
5137.605	0.098
5153.287	0.097
5153.287	0.097
5153.287	0.097
5169.697	0.097
5180.603	0.096
5180.603	0.096
5196.424	0.096
5196.424	0.096
5196.424	0.096
5212.963	0.095
5229.563	0.095
5229.563	0.095
5229.563	0.095
5246.152	0.094
5262.165	0.094
5273.331	0.094
5273.331	0.094
5290.124	0.093
5306.965	0.093
5306.965	0.092
5306.965	0.092
5323.168	0.092
5323.168	0.092
5340.054	0.092
5356.353	0.092
5356.353	0.092
5372.707	0.092
5372.707	0.091
5389.812	0.091
5406.975	0.091
5418.448	0.090
5418.448	0.090
5418.448	0.090
5452.941	0.090
5452.941	0.090
5464.511	0.089
5464.511	0.089
5481.913	0.089
5516.810	0.089
5528.516	0.088
5528.516	0.088
5528.516	0.088
5528.516	0.088
5562.321	0.088
5579.965	0.087
5591.805	0.087
5591.805	0.087
5608.873	0.087
5625.998	0.087
5625.998	0.086
5643.909	0.086
5643.909	0.086
5661.882	0.086
5661.882	0.086
5661.882	0.086
5679.842	0.085
5697.929	0.085
5710.015	0.085
5710.015	0.084
5710.015	0.084
5727.448	0.084
5727.448	0.084
5745.682	0.084
5761.663	0.084
5800.676	0.083
5800.676	0.083
5800.676	0.083
5819.077	0.083
5837.603	0.082
5874.836	0.081
5893.481	0.081
5893.481	0.081
5893.481	0.081
5931.066	0.080
5962.500	0.080
5981.488	0.079
5981.488	0.079
5981.488	0.079
6019.570	0.078
6038.734	0.078
6038.734	0.078
6057.171	0.078
6057.171	0.078
6057.171	0.077
6095.007	0.077
6095.007	0.077
6107.940	0.077
6107.940	0.077
6126.583	0.077
6185.218	0.076
6204.838	0.076
6204.838	0.076
6204.838	0.075
6204.838	0.075
6224.597	0.075
6243.607	0.075
6243.607	0.075
6243.607	0.074
6256.845	0.074
6256.845	0.074
6256.845	0.074
6276.770	0.074
6276.770	0.074
6276.770	0.074
6290.010	0.074
6309.214	0.074
6314.625	0.073
6334.729	0.073
6354.069	0.073
6354.069	0.073
6373.464	0.073
6373.464	0.073
6392.923	0.073
6392.923	0.072
6392.923	0.072
6413.276	0.072
6432.856	0.072
6432.856	0.072
6452.491	0.072
6472.191	0.072
6472.191	0.071
6491.947	0.071
6511.768	0.071
6511.768	0.071
6532.423	0.071
6532.423	0.071
6532.423	0.071
6553.231	0.070
6553.231	0.070
6553.231	0.070
6553.231	0.070
6553.231	0.070
6567.125	0.070
6567.125	0.069
6587.176	0.069
6588.608	0.070
6607.282	0.069
6607.282	0.069
6627.455	0.069
6627.455	0.069
6648.554	0.069
6648.554	0.069
6669.644	0.069
6669.644	0.068
6690.883	0.068
6690.883	0.068
6711.317	0.068
6711.317	0.068
6711.317	0.067
6731.796	0.067
6731.796	0.067
6746.080	0.067
6766.671	0.067
6766.671	0.067
6781.029	0.067
6781.029	0.067
6801.727	0.067
6801.727	0.066
6816.081	0.066
6837.781	0.066
6859.555	0.066
6859.555	0.066
6881.394	0.066
6881.394	0.066
6903.233	0.065
6947.258	0.065
6961.914	0.065
6961.914	0.064
6997.980	0.064
7020.266	0.064
7041.693	0.064
7041.693	0.063
7064.118	0.063
7064.118	0.063
7085.679	0.063
7108.156	0.062
7108.156	0.062
7123.238	0.062
7123.238	0.062
7123.238	0.062
7145.922	0.062
7161.079	0.062
7161.079	0.061
7176.273	0.061
7199.037	0.061
7199.037	0.061
7221.017	0.061
7221.017	0.061
7243.058	0.061
7243.058	0.061
7266.123	0.061
7266.123	0.060
7288.301	0.060
7288.301	0.060
7310.553	0.060
7355.256	0.060
7355.256	0.060
7377.706	0.060
7377.706	0.060
7401.200	0.059
7424.677	0.059
7424.677	0.059
7448.321	0.059
7448.321	0.059
7472.034	0.059
7494.847	0.059
7494.847	0.059
7518.621	0.058
7529.458	0.058
7542.558	0.058
7542.558	0.058
7566.577	0.058
7590.667	0.058
7590.667	0.058
7590.667	0.058
7613.842	0.058
7613.842	0.058
7613.842	0.057
7613.842	0.057
7613.842	0.057
7613.842	0.057
7637.094	0.057
7660.398	0.057
7660.398	0.056
7660.398	0.056
7683.793	0.056
7683.793	0.056
7683.793	0.056
7707.240	0.056
7707.240	0.056
7717.344	0.056
7731.688	0.056
7764.534	0.056
7789.253	0.055
7805.685	0.055
7805.685	0.055
7829.516	0.055
7829.516	0.055
7829.516	0.055
7829.516	0.055
7829.516	0.055
7829.516	0.055
7829.516	0.054
7829.516	0.054
7854.443	0.054
7854.443	0.054
7879.455	0.054
7879.455	0.054
7903.512	0.054
7927.636	0.054
7927.636	0.054
7944.457	0.054
7944.457	0.054
7961.308	0.054
7961.308	0.053
7978.108	0.053
7978.108	0.053
8002.460	0.053
8019.440	0.053
8019.440	0.053
8036.456	0.053
8036.456	0.053
8062.042	0.053
8062.042	0.053
8086.656	0.053
8112.308	0.052
8137.069	0.052
8137.069	0.052
8137.069	0.052
8161.912	0.052
8161.912	0.052
8161.912	0.052
8186.825	0.052
8186.825	0.052
8211.820	0.051
8211.820	0.051
8237.964	0.051
8237.964	0.051
8264.197	0.051
8264.197	0.051
8281.732	0.051
8308.003	0.051
8343.290	0.050
8360.994	0.050
8360.994	0.050
8386.528	0.050
8412.119	0.050
8438.803	0.050
8438.803	0.049
8464.568	0.049
8491.517	0.049
8491.517	0.049
8518.557	0.049
8518.557	0.049
8571.769	0.049
8571.769	0.049
8598.959	0.048
8626.349	0.048
8626.349	0.048
8652.672	0.048
8652.672	0.048
8679.090	0.047
8706.721	0.047
8706.721	0.047
8734.339	0.047
8734.339	0.047
8757.356	0.047
8761.007	0.047
8761.007	0.047
8788.898	0.047
8815.732	0.046
8815.732	0.046
8843.798	0.046
8843.798	0.046
8871.852	0.046
8900.104	0.046
8928.445	0.046
8984.217	0.045
9011.640	0.045
9039.153	0.045
9058.222	0.045
9077.441	0.045
9077.441	0.045
9105.148	0.045
9105.148	0.044
9134.144	0.044
9134.144	0.044
9134.144	0.044
9153.518	0.044
9181.465	0.044
9209.505	0.044
9209.505	0.044
9266.909	0.044
9266.909	0.044
9296.420	0.043
9316.138	0.043
9316.138	0.043
9344.581	0.043
9344.581	0.043
9344.581	0.043
9344.581	0.043
9373.104	0.043
9373.104	0.042
9373.104	0.042
9402.952	0.042
9422.787	0.042
9422.787	0.042
9422.787	0.042
9481.646	0.042
9481.646	0.042
9481.646	0.042
9501.766	0.042
9530.783	0.042
9530.783	0.042
9530.783	0.041
9530.783	0.041
9530.783	0.041
9561.118	0.041
9561.118	0.041
9591.447	0.041
9611.799	0.041
9611.799	0.041
9641.137	0.041
9661.594	0.041
9661.594	0.041
9661.594	0.041
9682.094	0.041
9682.094	0.041
9712.807	0.040
9712.807	0.040
9742.453	0.040
9742.453	0.040
9763.125	0.040
9794.216	0.040
9794.216	0.040
9825.396	0.040
9825.396	0.040
9855.396	0.040
9886.657	0.039
9907.636	0.039
9907.636	0.039
9937.876	0.039
9964.771	0.039
9968.218	0.039
9999.953	0.039
10030.484	0.039
10030.484	0.039
10030.484	0.039
10030.484	0.039
10062.418	0.039
10062.418	0.038
10125.156	0.038
10156.062	0.038
10156.062	0.038
10187.069	0.038
10252.045	0.038
10252.045	0.038
10252.045	0.037
10252.045	0.037
10283.346	0.037
10314.733	0.037
10347.453	0.037
10347.453	0.037
10380.404	0.037
10413.451	0.037
10445.245	0.037
10445.245	0.037
10445.245	0.036
10467.408	0.036
10467.408	0.036
10499.358	0.036
10499.358	0.036
10532.663	0.036
10532.663	0.036
10555.012	0.036
10555.012	0.036
10588.615	0.036
10588.615	0.036
10611.083	0.036
10633.598	0.035
10667.328	0.035
10667.328	0.035
10667.328	0.035
10699.906	0.035
10732.557	0.035
10765.324	0.035
10798.184	0.035
10798.184	0.035
10831.151	0.035
10831.151	0.035
10831.151	0.035
10865.635	0.034
10865.635	0.034
10865.635	0.034
10898.809	0.034
10932.075	0.034
10966.888	0.034
10966.888	0.034
10966.888	0.034
11000.362	0.034
11000.362	0.034
11000.362	0.034
11033.948	0.034
11057.224	0.034
11127.750	0.033
11127.750	0.033
11151.361	0.033
11151.361	0.033
11151.361	0.033
11185.398	0.033
11185.398	0.033
11219.549	0.033
11219.549	0.033
11255.139	0.033
11255.139	0.033
11255.139	0.032
11266.887	0.033
11290.979	0.032
11326.927	0.032
11326.927	0.032
11399.041	0.032
11399.041	0.032
11399.041	0.032
11399.041	0.032
11423.237	0.032
11458.096	0.032
11518.964	0.031
11592.301	0.031
11592.301	0.031
11666.105	0.031
11703.246	0.031
11728.078	0.031
11728.078	0.031
11763.876	0.031
11763.876	0.030
11801.338	0.030
11901.663	0.030
11901.663	0.030
11901.663	0.030
11938.001	0.030
11975.869	0.030
12012.442	0.030
12012.442	0.030
12050.676	0.029
12065.173	0.029
12114.692	0.029
12151.680	0.029
12151.680	0.029
12188.771	0.029
12188.771	0.029
12188.771	0.029
12225.984	0.029
12264.767	0.029
12303.823	0.029
12303.823	0.029
12341.378	0.029
12379.059	0.028
12379.059	0.028
12418.469	0.028
12418.469	0.028
12458.015	0.028
12524.062	0.028
12603.776	0.028
12684.167	0.028
12684.167	0.028
12684.167	0.028
12724.560	0.028
12763.398	0.027
12802.367	0.027
12802.367	0.027
12841.443	0.027
12882.199	0.027
12909.512	0.027
12909.512	0.027
12950.622	0.027
13019.269	0.027
13046.883	0.026
13046.883	0.026
13088.431	0.026
13088.431	0.026
13128.380	0.026
13156.237	0.026
13197.970	0.026
13225.974	0.026
13266.344	0.026
13266.344	0.026
13270.933	0.026
13294.493	0.026
13336.829	0.026
13336.829	0.026
13364.962	0.025
13364.962	0.025
13405.778	0.025
13405.778	0.025
13446.686	0.025
13446.686	0.025
13489.507	0.025
13489.507	0.025
13489.507	0.025
13532.452	0.025
13573.769	0.025
13573.769	0.025
13573.769	0.025
13615.200	0.025
13615.200	0.025
13656.769	0.025
13698.453	0.024
13740.276	0.024
13740.276	0.024
13784.021	0.024
13784.021	0.024
13813.121	0.024
13857.086	0.024
13857.086	0.024
13857.086	0.024
13901.213	0.024
13943.644	0.024
13987.874	0.024
13987.874	0.024
14030.581	0.024
14118.223	0.024
14163.170	0.024
14253.343	0.023
14253.343	0.023
14296.859	0.023
14296.859	0.023
14327.184	0.023
14327.184	0.023
14327.184	0.023
14327.184	0.023
14357.584	0.023
14357.584	0.023
14357.584	0.023
14357.584	0.023
14401.420	0.023
14401.420	0.023
14401.420	0.023
14445.377	0.023
14491.378	0.023
14537.346	0.022
14537.346	0.022
14583.628	0.022
14583.628	0.022
14628.153	0.022
14628.153	0.022
14674.725	0.022
14721.273	0.022
14766.220	0.022
14766.220	0.022
14813.242	0.022
14813.242	0.022
14858.457	0.022
14889.984	0.022
14937.389	0.022
14937.389	0.022
14937.389	0.022
14982.994	0.022
14982.994	0.022
15028.728	0.022
15028.728	0.021
15074.612	0.021
15074.612	0.021
15074.612	0.021
15168.613	0.021
15168.613	0.021
15168.613	0.021
15168.613	0.021
15192.452	0.021
15196.844	0.021
15200.773	0.021
15285.350	0.021
15285.350	0.021
15285.350	0.021
15332.019	0.021
15332.019	0.021
15364.538	0.021
15364.538	0.021
15364.538	0.021
15413.466	0.021
15445.980	0.021
15445.980	0.021
15445.980	0.021
15478.754	0.020
15526.000	0.020
15526.000	0.020
15526.000	0.020
15575.442	0.020
15575.442	0.020
15625.055	0.020
15625.055	0.020
15672.734	0.020
15720.585	0.020
15768.569	0.020
15816.713	0.020
15816.713	0.020
15850.078	0.020
15883.709	0.020
15934.277	0.020
15934.277	0.020
15982.927	0.020
16016.827	0.020
16016.827	0.019
16065.729	0.019
16116.876	0.019
16150.888	0.019
16150.888	0.019
16234.560	0.019
16234.560	0.019
16234.560	0.019
16284.112	0.019
16333.830	0.019
16333.830	0.019
16368.488	0.019
16368.488	0.019
16403.207	0.019
16403.207	0.019
16403.207	0.019
16453.287	0.019
16453.287	0.019
16505.479	0.019
16505.479	0.019
16555.857	0.019
16555.857	0.018
16608.580	0.018
16659.289	0.018
16712.326	0.018
16763.350	0.018
16814.518	0.018
16865.854	0.018
16919.549	0.018
16971.207	0.018
17023.008	0.018
17023.008	0.018
17058.945	0.018
17058.945	0.018
17058.945	0.018
17095.115	0.018
17095.115	0.018
17147.309	0.018
17147.309	0.018
17183.678	0.018
17238.398	0.018
17238.398	0.017
17274.764	0.017
17327.506	0.017
17380.395	0.017
17380.395	0.017
17433.459	0.017
17433.459	0.017
17433.459	0.017
17470.465	0.017
17507.506	0.017
17507.506	0.017
17575.512	0.017
17616.865	0.017
17616.865	0.017
17654.246	0.017
17708.162	0.017
17708.162	0.017
17762.197	0.017
17816.428	0.017
17854.012	0.017
17910.852	0.017
17910.852	0.016
17967.889	0.016
17967.889	0.016
18022.732	0.016
18077.758	0.016
18135.326	0.016
18135.326	0.016
18192.854	0.016
18250.773	0.016
18250.773	0.016
18289.498	0.016
18345.322	0.016
18345.322	0.016
18345.322	0.016
18401.334	0.016
18401.334	0.016
18440.379	0.016
18440.379	0.016
18496.664	0.016
18496.664	0.016
18496.664	0.016
18614.426	0.016
18614.426	0.016
18673.688	0.016
18673.688	0.015
18732.953	0.015
18732.953	0.015
18790.117	0.015
18790.117	0.015
18829.986	0.015
18829.986	0.015
18889.936	0.015
18889.936	0.015
18947.607	0.015
18947.607	0.015
19005.441	0.015
19065.965	0.015
19065.965	0.015
19248.436	0.015
19248.436	0.015
19248.436	0.015
19248.436	0.015
19248.436	0.015
19309.494	0.014
19370.984	0.014
19430.111	0.014
19430.111	0.014
19471.338	0.014
19574.549	0.014
19636.867	0.014
19636.867	0.014
19678.535	0.014
19678.535	0.014
19741.201	0.014
19782.844	0.014
19843.227	0.014
19843.227	0.014
19843.227	0.014
19969.809	0.014
20096.934	0.014
20160.932	0.014
20222.469	0.014
20222.469	0.014
20284.211	0.014
20284.211	0.014
20408.244	0.013
20408.244	0.013
20451.547	0.013
20451.547	0.013
20451.547	0.013
20581.738	0.013
20625.410	0.013
20625.410	0.013
20688.365	0.013
20820.080	0.013
20886.381	0.013
20886.381	0.013
20930.682	0.013
20930.682	0.013
20937.008	0.013
21063.939	0.013
21131.018	0.013
21131.018	0.013
21265.797	0.013
21401.172	0.013
21401.172	0.012
21466.512	0.012
21512.061	0.012
21580.299	0.012
21717.943	0.012
21764.025	0.012
21764.025	0.012
21949.045	0.012
21949.045	0.012
22156.209	0.012
22156.209	0.012
22223.855	0.012
22223.855	0.012
22294.607	0.012
22365.605	0.012
22412.785	0.012
22460.342	0.012
22531.848	0.012
22603.600	0.012
22651.561	0.012
22651.561	0.012
22651.561	0.011
22699.344	0.011
22771.609	0.011
22892.598	0.011
22892.598	0.011
22892.598	0.011
23038.328	0.011
23185.006	0.011
23185.006	0.011
23185.006	0.011
23258.838	0.011
23308.170	0.011
23308.170	0.011
23357.627	0.011
23424.639	0.011
23428.939	0.011
23428.939	0.011
23478.363	0.011
23528.201	0.011
23528.201	0.011
23578.084	0.011
23653.168	0.011
23703.377	0.011
23851.125	0.011
23901.734	0.011
23977.828	0.011
24127.605	0.010
24127.605	0.010
24278.039	0.010
24484.432	0.010
24536.385	0.010
24536.385	0.010
24536.385	0.010
24611.297	0.010
24689.650	0.010
24742.039	0.010
24742.039	0.010
24820.521	0.010
24975.564	0.010
25055.098	0.010
25055.098	0.010
25134.863	0.010
25134.863	0.010
25214.594	0.010
25291.578	0.010
25372.098	0.010
25372.098	0.010
25372.098	0.010
25425.934	0.010
25506.900	0.010
25665.912	0.010
25665.912	0.009
25747.645	0.009
25747.645	0.009
25826.234	0.009
25877.113	0.009
25905.086	0.009
25905.086	0.009
26066.902	0.009
26066.902	0.009
26149.588	0.009
26205.074	0.009
26205.074	0.009
26288.502	0.009
26288.502	0.009
26288.502	0.009
26344.281	0.009
26399.855	0.009
26399.855	0.009
26480.457	0.009
26480.457	0.009
26564.762	0.009
26649.355	0.009
26649.355	0.009
26730.742	0.009
26730.742	0.009
26815.820	0.009
26946.400	0.009
27032.209	0.009
27032.209	0.009
27118.314	0.009
27118.314	0.009
27118.314	0.009
27204.629	0.009
27262.016	0.009
27262.016	0.009
27262.016	0.009
27348.830	0.009
27435.900	0.009
27523.268	0.009
27610.574	0.009
27610.574	0.009
27694.873	0.009
27694.873	0.009
27694.873	0.008
27694.873	0.008
27694.873	0.008
27694.873	0.008
27753.615	0.008
27838.350	0.008
27838.350	0.008
27923.322	0.008
27923.322	0.008
28008.574	0.008
28008.574	0.008
28094.066	0.008
28094.066	0.008
28179.842	0.008
28179.842	0.008
28179.842	0.008
28265.854	0.008
28355.865	0.008
28355.865	0.008
28355.865	0.008
28445.812	0.008
28445.812	0.008
28532.662	0.008
28532.662	0.008
28593.182	0.008
28680.479	0.008
28771.787	0.008
28771.787	0.008
28771.787	0.008
28832.838	0.008
28832.838	0.008
28832.838	0.008
28832.838	0.008
28832.838	0.008
28924.297	0.008
28924.297	0.008
28924.297	0.008
28985.670	0.008
28985.670	0.008
29170.549	0.008
29170.549	0.008
29263.080	0.008
29263.080	0.008
29356.268	0.008
29449.729	0.008
29449.729	0.008
29512.215	0.008
29512.215	0.008
29512.215	0.008
29605.830	0.008
29605.830	0.008
29696.221	0.008
29759.207	0.008
29822.354	0.008
29822.354	0.008
29822.354	0.008
29906.631	0.008
29917.320	0.007
29917.320	0.007
30008.639	0.007
30008.639	0.007
30071.941	0.007
30071.941	0.007
30167.703	0.007
30167.703	0.007
30259.785	0.007
30323.992	0.007
30323.992	0.007
30323.992	0.007
30416.574	0.007
30416.574	0.007
30481.090	0.007
30481.090	0.007
30481.090	0.007
30574.152	0.007
30667.475	0.007
30667.475	0.007
30667.475	0.007
30761.105	0.007
30854.998	0.007
30854.998	0.007
30854.998	0.007
30949.203	0.007
31014.873	0.007
31014.873	0.007
31014.873	0.007
31109.539	0.007
31204.521	0.007
31469.797	0.007
31536.570	0.007
31536.570	0.007
31632.830	0.007
31632.830	0.007
31733.172	0.007
31834.225	0.007
31935.600	0.007
32033.078	0.007
32134.689	0.007
32134.689	0.007
32134.689	0.007
32237.021	0.007
32305.396	0.007
32404.029	0.007
32404.029	0.007
32404.029	0.007
32502.936	0.007
32602.172	0.007
32705.992	0.007
32805.820	0.007
32874.484	0.006
32875.023	0.007
32979.715	0.007
32979.715	0.007
32979.715	0.007
33080.379	0.006
33185.723	0.006
33256.137	0.006
33256.137	0.006
33256.137	0.006
33361.629	0.006
33361.629	0.006
33574.418	0.006
33680.918	0.006
33680.918	0.006
33680.918	0.006
33752.383	0.006
33859.840	0.006
33967.664	0.006
33967.664	0.006
34071.344	0.006
34071.344	0.006
34179.422	0.006
34179.422	0.006
34288.266	0.006
34288.266	0.006
34288.266	0.006
34397.457	0.006
34506.965	0.006
34506.965	0.006
34616.426	0.006
34616.426	0.006
34616.426	0.006
34689.875	0.006
34800.344	0.006
34800.344	0.006
34906.566	0.006
35013.141	0.006
35236.027	0.006
35236.027	0.006
35236.027	0.006
35423.270	0.006
35497.965	0.006
35497.965	0.006
35497.965	0.006
35610.977	0.006
35686.539	0.006
35686.539	0.006
35755.691	0.006
35795.492	0.006
35795.492	0.006
35947.531	0.006
36099.797	0.006
36099.797	0.006
36099.797	0.006
36099.797	0.006
36286.816	0.006
36402.371	0.006
36479.582	0.006
36595.328	0.006
36672.949	0.005
36750.766	0.005
36750.766	0.005
36862.938	0.005
37097.633	0.005
37097.633	0.005
37215.770	0.005
37215.770	0.005
37294.703	0.005
37294.703	0.005
37413.066	0.005
37532.148	0.005
37651.668	0.005
37651.668	0.005
37766.590	0.005
37886.859	0.005
37966.781	0.005
37966.781	0.005
37966.781	0.005
38168.469	0.005
38168.469	0.005
38290.016	0.005
38370.785	0.005
38370.785	0.005
38487.938	0.005
38487.938	0.005
38569.570	0.005
38815.578	0.005
39057.590	0.005
39057.590	0.005
39057.590	0.005
39057.590	0.005
39306.711	0.005
39306.711	0.005
39306.711	0.005
39426.719	0.005
39426.719	0.005
39426.719	0.005
39547.059	0.005
39547.059	0.005
39672.508	0.005
39798.844	0.005
39798.844	0.005
39803.922	0.005
39883.289	0.005
40010.266	0.005
40010.266	0.005
40137.180	0.005
40259.723	0.005
40387.898	0.005
40387.898	0.005
40597.164	0.005
40597.164	0.005
40683.273	0.005
40936.930	0.005
40936.930	0.005
41154.398	0.005
41154.398	0.005
41285.453	0.005
41285.453	0.005
41372.543	0.005
41372.543	0.005
41498.895	0.005
41498.895	0.005
41625.527	0.005
41625.527	0.005
41752.648	0.005
41885.539	0.004
42013.422	0.004
42013.422	0.004
42275.859	0.004
42275.859	0.004
42635.254	0.004
42771.023	0.004
42907.191	0.004
42907.191	0.004
43180.367	0.004
43271.988	0.004
43271.988	0.004
43271.988	0.004
43409.254	0.004
43501.324	0.004
43639.852	0.004
43773.055	0.004
43773.055	0.004
43971.250	0.004
44046.520	0.004
44180.965	0.004
44180.965	0.004
44180.965	0.004
44315.855	0.004
44451.121	0.004
44544.887	0.004
44544.887	0.004
44686.738	0.004
44686.738	0.004
44781.559	0.004
44924.129	0.004
45066.629	0.004
45066.629	0.004
45204.223	0.004
45204.223	0.004
45348.141	0.004
45492.547	0.004
45589.078	0.004
45728.230	0.004
45867.844	0.004
45867.844	0.004
45867.844	0.004
46007.848	0.004
46007.848	0.004
46153.785	0.004
46294.699	0.004
46294.699	0.004
46392.969	0.004
46534.535	0.004
46676.613	0.004
46676.613	0.004
46775.613	0.004
46918.426	0.004
47061.637	0.004
47061.637	0.004
47161.496	0.004
47161.496	0.004
47305.523	0.004
47405.820	0.004
47550.559	0.004
47550.559	0.004
47701.391	0.004
47802.605	0.004
47948.516	0.004
47948.516	0.004
48101.207	0.004
48101.207	0.004
48203.230	0.004
48350.402	0.004
48503.773	0.004
48503.773	0.004
48503.773	0.004
48658.273	0.004
48806.750	0.004
48962.176	0.003
49117.488	0.003
49267.410	0.003
49267.410	0.003
49267.410	0.003
49424.301	0.003
49424.301	0.003
49581.648	0.003
49581.648	0.003
49686.855	0.003
49686.855	0.003
49844.465	0.003
49844.465	0.003
49996.645	0.003
50155.816	0.003
50262.242	0.003
50352.469	0.003
50422.340	0.003
50528.664	0.003
50682.895	0.003
50682.895	0.003
50790.434	0.003
50790.434	0.003
50790.434	0.003
50790.434	0.003
50945.547	0.003
51107.699	0.003
51270.449	0.003
51270.449	0.003
51426.941	0.003
51426.941	0.003
51535.426	0.003
51699.539	0.003
51857.344	0.003
51857.344	0.003
51857.344	0.003
52015.668	0.003
52174.523	0.003
52174.523	0.003
52174.523	0.003
52285.145	0.003
52285.145	0.003
52396.086	0.003
52396.086	0.003
52562.289	0.003
52562.289	0.003
52562.289	0.003
52722.770	0.003
52722.770	0.003
52890.621	0.003
53052.102	0.003
53221.000	0.003
53389.824	0.003
53673.488	0.003
53673.488	0.003
53673.488	0.003
53844.363	0.003
53958.613	0.003
53958.613	0.003
54129.777	0.003
54129.777	0.003
54302.195	0.003
54475.027	0.003
54475.027	0.003
54641.348	0.003
54641.348	0.003
54814.676	0.003
54814.676	0.003
55157.074	0.003
55157.074	0.003
55325.430	0.003
55501.613	0.003
55789.148	0.003
55789.148	0.003
55966.113	0.003
56144.336	0.003
56144.336	0.003
56144.336	0.003
56263.422	0.003
56263.422	0.003
56263.422	0.003
56435.203	0.003
56614.219	0.003
56614.219	0.003
56794.504	0.003
56975.316	0.003
56975.316	0.003
57156.754	0.003
57331.215	0.003
57331.215	0.003
57513.074	0.003
57532.969	0.003
57539.129	0.003
57708.578	0.003
57884.770	0.003
57884.770	0.003
58069.055	0.003
58246.344	0.003
58369.215	0.003
58555.090	0.003
58555.090	0.003
58741.508	0.003
58741.508	0.003
58866.148	0.003
58866.148	0.003
59045.828	0.003
59045.828	0.003
59226.102	0.003
59406.879	0.003
59595.371	0.003
59911.957	0.003
59911.957	0.003
60094.828	0.003
60285.453	0.003
60477.430	0.003
60670.020	0.003
60670.020	0.002
60855.203	0.002
61048.992	0.002
61048.992	0.002
61242.645	0.002
61242.645	0.002
61372.543	0.002
61372.543	0.002
61502.766	0.002
61633.266	0.002
61633.266	0.002
61633.266	0.002
61821.391	0.002
62010.141	0.002
62010.141	0.002
62141.715	0.002
62338.836	0.002
62338.836	0.002
62471.059	0.002
62661.789	0.002
62661.789	0.002
62861.387	0.002
62861.387	0.002
63261.500	0.002
63261.500	0.002
63462.953	0.002
63597.559	0.002
63791.730	0.002
63791.730	0.002
63791.730	0.002
63994.082	0.002
63994.082	0.002
64129.871	0.002
64129.871	0.002
64325.613	0.002
64325.613	0.002
64522.008	0.002
64718.949	0.002
64916.547	0.002
64916.547	0.002
65123.215	0.002
65123.215	0.002
65322.047	0.002
65322.047	0.002
65322.047	0.002
65518.031	0.002
65530.117	0.002
65530.117	0.002
65737.930	0.002
65737.930	0.002
65737.930	0.002
65947.219	0.002
65947.219	0.002
65947.219	0.002
66148.562	0.002
66148.562	0.002
66359.156	0.002
66359.156	0.002
66561.758	0.002
66561.758	0.002
66702.938	0.002
66906.594	0.002
67118.820	0.002
67118.820	0.002
67118.820	0.002
67332.562	0.002
67546.922	0.002
67546.922	0.002
67753.156	0.002
68175.531	0.002
68610.484	0.002
68828.070	0.002
68828.070	0.002
69038.148	0.002
69038.148	0.002
69258.000	0.002
69469.398	0.002
69681.500	0.002
69681.500	0.002
70116.766	0.002
70339.992	0.002
70554.750	0.002
70554.750	0.002
71003.945	0.002
71230.000	0.002
71230.000	0.002
71381.133	0.002
71381.133	0.002
71531.711	0.002
71531.711	0.002
71531.711	0.002
71987.961	0.002
72216.312	0.002
72216.312	0.002
72216.312	0.002
72676.930	0.002
72908.367	0.002
73131.023	0.002
73362.938	0.002
73362.938	0.002
73596.500	0.002
73596.500	0.002
74032.445	0.002
74065.062	0.002
74065.062	0.002
74065.062	0.002
74300.859	0.002
74300.859	0.002
74774.836	0.002
74774.836	0.002
74932.570	0.002
75410.508	0.002
76132.227	0.002
76132.227	0.002
76364.672	0.002
76364.672	0.002
76364.672	0.002
76607.789	0.002
77340.969	0.002
77586.367	0.002
77586.367	0.002
77750.930	0.002
77750.930	0.002
77750.930	0.002
78246.844	0.002
78912.102	0.002
79163.328	0.002
79163.328	0.002
79163.328	0.002
79667.336	0.002
79836.375	0.002
80005.711	0.002
80005.711	0.002
80515.078	0.002
80685.922	0.002
80685.922	0.002
80942.797	0.002
81199.688	0.002
81458.133	0.002
81717.531	0.002
81717.531	0.002
81717.531	0.002
81976.750	0.002
82237.734	0.002
82936.922	0.001
83200.961	0.001
83454.984	0.001
83709.719	0.001
83709.719	0.001
84242.664	0.001
84658.039	0.001
84779.984	0.001
84779.984	0.001
85038.828	0.001
85308.578	0.001
85580.172	0.001
85761.766	0.001
86023.531	0.001
86286.172	0.001
86286.172	0.001
86469.266	0.001
87009.391	0.001
87274.969	0.001
87541.438	0.001
87819.125	0.001
88367.688	0.001
88367.688	0.001
88637.555	0.001
88637.555	0.001
88908.031	0.001
88908.031	0.001
89191.156	0.001
89379.305	0.001
89379.305	0.001
89663.852	0.001
89663.852	0.001
90128.445	0.001
90415.383	0.001
90702.188	0.001
90702.188	0.001
90979.109	0.001
90979.109	0.001
91256.812	0.001
91256.812	0.001
91535.430	0.001
91814.820	0.001
92107.203	0.001
92400.438	0.001
92693.617	0.001
92988.719	0.001
93186.031	0.001
93482.703	0.001
93768.117	0.001
93768.117	0.001
93768.117	0.001
94065.555	0.001
94665.531	0.001
94665.531	0.001
94966.992	0.001
94966.992	0.001
95256.859	0.001
95457.961	0.001
95457.961	0.001
95749.250	0.001
96054.156	0.001
96347.344	0.001
96641.508	0.001
96949.180	0.001
97154.891	0.001
97359.836	0.001
97566.422	0.001
97566.422	0.001
97864.227	0.001
98163.016	0.001
98163.016	0.001
98462.641	0.001
98776.188	0.001
99084.781	0.001
99090.820	0.001
99090.820	0.001
99708.477	0.001
99708.477	0.001
1.000e5	0.001
1.003e5	0.001
1.003e5	0.001
1.007e5	0.001
1.010e5	0.001
1.010e5	0.001
1.012e5	0.001
1.015e5	0.001
1.018e5	0.001
1.018e5	0.001
1.018e5	0.001
1.020e5	0.001
1.020e5	0.001
1.023e5	0.001
1.023e5	0.001
1.026e5	0.001
1.030e5	0.001
1.033e5	0.001
1.035e5	0.001
1.038e5	0.001
1.041e5	0.001
1.044e5	0.001
1.044e5	0.001
1.047e5	0.001
1.047e5	9.995e-4
1.050e5	9.949e-4
1.054e5	9.910e-4
1.057e5	9.888e-4
1.060e5	9.843e-4
1.064e5	9.774e-4
1.069e5	9.736e-4
1.073e5	9.692e-4
1.076e5	9.670e-4
1.076e5	9.648e-4
1.083e5	9.626e-4
1.083e5	9.583e-4
1.090e5	9.561e-4
1.090e5	9.525e-4
1.092e5	9.482e-4
1.095e5	9.461e-4
1.099e5	9.418e-4
1.099e5	9.397e-4
1.099e5	9.375e-4
1.102e5	9.333e-4
1.106e5	9.319e-4
1.106e5	9.298e-4
1.106e5	9.263e-4
1.109e5	9.228e-4
1.109e5	9.199e-4
1.109e5	9.164e-4
1.109e5	9.143e-4
1.109e5	9.123e-4
1.113e5	9.215e-4
1.113e5	9.088e-4
1.116e5	9.046e-4
1.118e5	9.032e-4
1.118e5	9.011e-4
1.122e5	8.970e-4
1.128e5	8.935e-4
1.130e5	8.886e-4
1.133e5	8.872e-4
1.133e5	8.852e-4
1.136e5	8.812e-4
1.140e5	8.751e-4
1.143e5	8.717e-4
1.146e5	8.664e-4
1.148e5	8.624e-4
1.148e5	8.611e-4
1.152e5	8.571e-4
1.152e5	8.558e-4
1.155e5	8.538e-4
1.159e5	8.479e-4
1.163e5	8.460e-4
1.163e5	8.447e-4
1.166e5	8.415e-4
1.170e5	8.377e-4
1.170e5	8.345e-4
1.173e5	8.325e-4
1.176e5	8.312e-4
1.176e5	8.299e-4
1.176e5	8.268e-4
1.180e5	8.268e-4
1.183e5	8.236e-4
1.187e5	8.191e-4
1.187e5	8.179e-4
1.187e5	8.160e-4
1.189e5	8.171e-4
1.190e5	8.135e-4
1.193e5	8.098e-4
1.193e5	8.067e-4
1.197e5	8.067e-4
1.197e5	8.048e-4
1.197e5	8.036e-4
